429.2275
270.9044
324.6309
276.4554
299.0849
290.259
352.2972
310.2089
302.5747
275.9276
300.9314
285.6362
287.9444
295.8037
308.1711
277.3106
295.6004
253.3528
272.5833
302.3253
284.4968
310.1321
320.0197
294.426
261.1371
283.479
336.7081
296.6861
285.8605
311.9658
301.6149
278.005
287.2354
310.3526
252.2944
333.3917
305.6138
307.0027
317.4613
312.6471
283.3315
269.7614
331.0946
266.8927
267.7268
263.0556
255.8525
232.4598
250.3289
263.6308
246.5864
301.6083
344.4806
254.3091
256.8189
318.739
303.8106
295.4365
262.9614
253.5298
332.4066
286.1738
246.6668
276.7354
291.9184
279.3996
310.6955
312.4047
274.2734
254.5116
264.0369
290.7421
260.8282
258.7526
272.5609
291.352
286.9643
292.4481
289.9792
258.4534
298.8348
294.2497
273.5286
279.9966
318.66
272.0326
304.5381
292.1198
316.7218
283.9407
290.6548
280.3474
320.292
277.9352
297.7924
273.3713
347.1989
289.8473
285.0102
344.2554
324.3963
262.4712
285.7416
293.1787
289.7489
308.9316
313.649
263.7541
324.3243
299.6092
249.414
326.2877
372.5237
322.5158
342.7282
343.5552
366.948
354.0022
355.0239
248.6627
329.3325
357.7346
283.4011
279.0105
265.6901
261.0843
300.3966
315.8785
370.5333
281.6788
334.4138
286.5825
302.6709
289.5445
288.8468
313.8607
232.6177
284.7129
276.8242
248.5983
242.9663
273.8556
267.6203
243.5388
278.6782
250.5059
283.0298
314.9556
329.5395
269.6497
262.1784
306.3568
303.6905
314.5572
287.0034
284.1884
301.8804
272.8143
250.9892
273.1994
270.8869
264.1136
266.5752
319.5269
296.2975
321.467
292.5505
304.4119
261.1997
254.7487
295.3841
282.9768
335.7848
263.6565
274.3305
286.25
262.1719
340.4014
306.795
297.0345
280.9169
285.5627
256.0803
268.9061
242.7621
278.953
270.114
279.6984
260.5759
292.9662
341.5546
319.2307
260.6118
246.6639
237.2339
344.8479
306.6592
318.2282
298.9803
299.395
264.5266
319.7126
290.6974
298.3922
260.5708
262.7176
263.4192
276.9001
260.4511
334.1629
259.7691
259.3491
281.2053
298.1223
297.4117
361.3488
290.3314
246.7351
252.0531
228.0667
248.7243
321.8159
274.4923
271.0422
268.5943
311.9927
288.5279
311.9234
300.8994
343.5025
255.9144
363.0782
292.4342
262.7668
300.0847
317.4833
353.572
278.0011
251.9627
355.2225
258.8945
298.2286
284.6673
310.196
288.551
279.76
243.4721
306.3657
268.887
281.2544
