-2231.032
-2259.438
-2301.351
-2255.177
-2289.647
-2323.129
-2321.021
-2277.679
-2269.5
-2252.655
-2318.648
-2240.518
-2287.189
-2274.881
-2317.32
-2271.413
-2248.624
-2278.705
-2325.995
-2283.223
-2329.218
-2265.263-2291.077

-2274.183
-2323.733
-2285.407
-2260.694
-2278.687
-2321.23
-2274.674
-2281.209
-2267.12
-2327.984
-2276.819
-2330.757
-2283.7
-2267.615
-2273.389
-2319.059
-2279.581
-2271.198
-2272.573
-2330.696
-2274.984
-2309.625
-2293.928
-2266.512
-2280.485
-2336.236
-2286.613
-2266.159
-2280.766
-2334.979
-2281.195
-2284.139
-2271.413
-2322.021
-2277.277
-2283.195
-2263.485
-2328.05
-2280.802
-2319.377
-2293.286
-2283.472
-2276.625
-2314.732
-2277.413
-2290.943
-2267.597
-2334.377
-2273.926
-2294.058
-2324.033
-2274.342
-2274.983
-2342.133
-2287.488
-2266.658
-2278.787
-2333.953
-2274.79
-2294.737
-2282.929
-2328.115
-2267.246
-2331.507
-2282.715
-2268.034
-2264.743
-2319.06
-2270.312
-2274.494
-2267.224
-2325.855
-2272.339
-2290.154
-2334.446
-2268.801
-2276.543
-2335.707
-2286.129
-2269.126
-2273.06
-2316.036
-2275.477
-2289.83
-2265.304
-2310.313
-2259.474
-2319.42
-2285.62
-2269.175
-2281.255
-2270.456
-2278.192
-2269.474
-2325.766
-2281.394
-2323.238
-2282.125
-2326.754
-2289.322
-2274.554
-2331.53
-2277.923
-2297.331
-2281.956
-2333.028
-2280.154
-2287.537
-2278.703
-2336.936
-2267.62
-2312.791
-2294.119
-2333.337
-2266.791
-2325.346
-2268.632
-2291.07
-2265.8
-2332.283
-2274.912
-2290.838
-2262.268
-2328.017
-2266.833
-2317.49
-2286.668
-2254.288
-2278.654
-2322.9
-2282.379
-2283.217
-2271.39
-2315.415
-2285.692
-2278.01
-2315.515
-2273.642
-2294.12
-2329.641
-2302.127
-2284.996
-2261.108
-2315.036
-2277.935
-2299.486
-2325.522
-2263.423
-2273.996
-2300.351
-2264.083
-2265.67
-2286.344
-2285.525
-2286.573
-2259.993
-2280.61
-2265.776
-2296.72
-2281.896
-2254.972
-2297.024
-2270.2
-2270.642
-2303.207
-2272.11
-2270.39
-2274.116
-2295.285
-2284.328
-2281.053
-2277.655
-2274.796
-2284.044
-2291.192
-2275.019
-2280.047
-2283.707
-2289.639
-2279.574
-2290.838
-2274.922
-2274.23
-2286.771
-2258.453
-2278.186
-2279.73
-2281.687
-2263.497
-2275.824
-2282.835
-2296.047
-2278.76
-2275.174
-2267.339
-2277.559
-2293.018
-2284.864
-2234.46
-2271.846
-2277.672
-2249.216
-2278.694
-2257.387
-2270.792
-2274.717
-2261.943
-2283.779
-2254.582
-2286.676
-2273.303
-2243.894
-2275.896
-2266.791
-2244.823
-2281.878
-2260.058
-2284.25
-2284.614
-2273.157
-2274.632
-2255.441
-2275.512
-2272.833
-2257.563
-2289.753
-2258.713
-2280.617
-2288.279
-2266.33
-2270.916
-2265.174
-2263.58
-2271.907
-2282.222
-2289.286
-2268.525
-2292.679
-2283.082
-2277.072
-2276.301
-2273.552
-2258.204
-2293.444
-2273.531
-2263.339
-2285.956
-2264.395
-2261.433
-2258.529
-2271.98
-2269.717
-2279.594
-2268.416
-2319.798
-2281.463
-2319.765
-2271.703
-2326.833
-2260.438
-2295.359
-2325.732
-2257.47
-2309.598
-2324.128
-2256.828
-2333.414
-2311.908
-2278.643
-2321.674
-2316.768
-2258.539
-2324.248
-2313.733
-2270.325
-2320.362
-2316.779
-2321.11
-2265.846
-2322.26
-2328.107
-2275.593
-2309.941
-2323.419
-2271.812
-2327.158
-2321.192
-2319.003
-2278.934
-2331.157
-2325.044
-2273.522
-2327.884
-2319.859
-2285.78
-2318.375
-2316.937
-2276.315
-2312.816
-2325.009
-2267.381
-2325.237
-2328.061
-2275.592
-2313.021
-2321.828
-2269.063
-2312.976
-2314.276
-2269.922
-2325.272
-2307.237
-2271.838
-2314.108
-2319.97
-2264.996
-2313.75
-2311.583
-2290.783
-2313.276
-2318.325
-2286.927
-2312.15
-2318.371
-2321.695
-2310.06
-2314.583
-2320.029
-2310.962
-2314.629
-2308.356
-2313.909
-2309.9
-2325.465
-2325.43
-2331.057
-2325.57
-2326.571
-2326.683
-2315.767
-2324.813
-2311.69
-2323.979
-2309.629
-2319.59
-2294.365
-2326.354
-2325.351
-2324.654
-2304.681
-2321.49
-2296.889
-2314.599
-2322.003
-2294.267
-2315.897
-2329.988
-2307.499
-2298.577
-2318.853
-2310.845
-2302.702
-2330.118
-2327.142
-2303.476
-2303.831
-2314.82
-2331.296
-2318.155
-2298.735
-2322.239
-2318.36
-2318.115
-2315.711
-2305.577
-2331.975
-2317.965
-2309.2
-2320.832
-2331.056
-2327.205
-2322.823
-2305.225
-2318.448
-2331.93
-2331.68
-2297.023
-2327.306
-2327.253
-2327.46
-2300.066
-2304.043
-2335.922
-2318.826
-2299.255
-2321.471
-2320.925
-2319.133
-2298.224
-2337.471
-2319.58
-2310.611
-2302.295
-2331.106
-2320.968
-2329.306
-2313.205
-2315.362
-2325.659
-2310.791
-2316.069
-2306.881
-2319.888
-2304.157
-2321.658
-2293.348
-2227.608
-2297.006-2333.438

-2242.691
-2297.921-2330.461

-2247.798
-2294.516-2332.164

-2254.254
-2249.196
-2293.895
-2334.785
-2240.643
-2295.348
-2323.487
-2246.464
-2307.156
-2328.948
-2254.439
-2300.186
-2329.679
-2250.075
-2291.957
-2333.614
-2253.632
-2246.974
-2331.331
-2305.308
-2237.829
-2319.441
-2303.663
-2252.578
-2330.888
-2306.856
-2243.187
-2335.472
-2307.599
-2247.419
-2311.864
-2323.108
-2250.519
-2294.892
-2323.693
-2251.529
-2245.358
-2302.107
-2325.41
-2234.133
-2324.673
-2258.299
-2235.497-2324.732

-2252.521
-2326.167
-2294.021-2251.01

-2247.815
-2299.361
-2258.622
-2305.739
-2246.44
-2313.142
-2256.441
-2315.244
-2295.695
-2252.051
-2318.054
-2252.911
-2293.693
-2313.558
-2293.421
-2317.751
-2250.536
-2295.983
-2335.435
-2258.23
-2302.228
-2327.448
-2247.829
-2297.167
-2246.146
-2330.046
-2249.002
-2304.302
-2320.901
-2252.597
-2311.699
-2333.012
-2252.089
-2307.459
-2319.542
-2252.792
-2331.165
-2301.729
-2242.88
-2329.998
-2241.384
-2329.199
-2234.942
-2243.814
-2335.126
-2241.719
-2242.677
-2251.49
-2250.914
-2238.741
-2241.214
-2255.708
-2246.746
-2236.951
-2250.15
-2242.42
-2254.886
-2268.409
-2254.594
-2242.236
-2257.662
-2267.495
-2260.645
-2247.335
-2252.731
-2262.618
-2260.332
-2263.411
-2249.416
-2255.051
-2252.08
-2245.813
-2257.571
-2257.565
-2256.111
-2251.061
-2256.662
-2266.052
-2253.322
-2247.386
-2274.867
-2256.369
-2253.55
-2254.84
-2269.038
-2272.564
-2264.727
-2260.199
-2256.78
-2264.481
-2264.843
-2250.824
-2288.123
-2264.659
-2272.644
-2266.376
-2282.988
-2277.723
-2270.663
-2272.894
-2267.052
-2277.047
-2261.836
-2275.69
-2276.051
-2263.433
-2270.362
-2274.32
-2248.356
-2259.189
-2279.453
-2275.65
-2268.177
-2275.135
-2282.077
-2256.384
-2281.795
-2291.979
-2270.594
-2270.953
-2269.755
-2280.189
-2270.811
-2271.8
-2277.111
-2253.014
-2270.455
-2277.98
-2277.312
-2258.288
-2271.707
-2275.573
-2260.614
-2279.408
-2269.315
-2284.018-2266.482

-2257.62
-2274.053
-2276.262
-2250.484
-2252.863
-2271.993
-2278.033
-2254.875
-2275.806
-2280.809
-2267.6
-2283.884
-2271.305
-2287.03
-2282.819
-2288.372
-2268.974
-2290.81
-2271.221
-2274.817
-2260.901
-2280.496
-2270.134
-2286.33
-2275.625
-2278.877
-2271.259
-2290.583
-2282.3
-2288.859
-2287.004
-2280.201
-2300.588
-2285.565
-2311.983
-2246.246
-2279.624
-2274.353
-2303.242
-2277.847
-2261.925
-2299.07
-2265.986
-2261.565
-2306.704
-2270.325
-2283.359
-2255.483
-2277.35
-2301.347
-2286.685
-2283.31
-2262.773
-2307.615
-2285.91
-2262.282
-2279.074
-2312.825
-2285.988
-2286.196
-2258.059
-2282.631
-2301.861
-2291.681
-2260.037
-2283.851
-2313.338
-2285.737
-2259.673
-2288.034
-2302.547
-2283.501
-2257.216
-2296.013
-2309.4
-2270.011
-2285.846
-2273.623
-2279.252
-2306.535
-2268.981
-2269.782
-2268.236
-2315.127
-2275.958
-2252.041
-2279.154
-2315.531
-2287.316
-2286.616-2253.964

-2305.324
-2294.685
-2276.062
-2254.558
-2278.563
-2293.384
-2250.617
-2288.77
-2305.671
-2258.863
-2293.192
-2310.189
-2283.883
-2259.418
-2307.442
-2260.958
-2305.717
-2266.151
-2302.762
-2267.636
-2298.702
-2311.088
-2263.572
-2306.298
-2319.799
-2252.812
-2302.891
-2310.834
-2263.195
-2302.792
-2299.665
-2267.916
-2298.94
-2312.53
-2306.928
-2277.745
-2303.559
-2317.93
-2268.243
-2300.217
-2319.041
-2258.752
-2292.381
-2320.389
-2264.798
-2310.354
-2305.087
-2260.861
-2300.907
-2310.695
-2263.265
-2320.538
-2299.329
-2276.054
-2315.121
-2307.383
-2268.469
-2314.484
-2265.681
-2315.323
-2310.446
-2304.598
-2307.642
-2303.999
-2301.173
-2311.269
-2255.556
-2308.206
-2310.637
-2274.177
-2312.018
-2316.791
-2277.671
-2318.377
-2309.435
-2259.521
-2311.241
-2297.655
-2308.457
-2271.068
-2311.282
-2317.534
-2263.385
-2333.792
-2310.65
-2262.181
-2320.339
-2309.037
-2267.732
-2308.373
-2302.112
-2264.527
-2310.957
-2308.462
-2261.225
-2305.198
-2299.385
-2263.309
-2313.351
-2306.761
-2255.879
-2311.08
-2256.063-2303.557

-2326.722
-2299.691
-2251.764
-2309.465
-2276.701
-2306.849
-2264.897
-2322.335
-2305.676
-2302.328
-2311.847
-2322.847
-2310.146
-2309.805
-2304.597
-2310.679
-2319.786
-2305.134
-2304.781
-2316.606
-2307.887
-2316.257
-2308.203
-2307.413
-2313.142
-2311.483
-2320.463
-2316.716
-2317.715
-2308.472
-2313.674
-2311.363
-2301.661
-2308.728
-2314.989
-2312.306
-2316.782
-2320.203
-2312.183
-2320.948
-2305.974
-2315.404
-2308.241
-2308.64
-2314.048
-2301.436
-2288.353
-2305.39
-2315.439
-2302.012
-2328.565
-2302.064
-2307.476
-2293.535
-2324.737
-2300.329
-2309.809
-2293.683
-2304.733
-2308.992
-2306.359
-2303.226
-2308.189
-2305.601
-2317.088
-2316.435
-2309.753
-2312.507
-2301.528
-2303.951
-2295.247
-2302.366
-2320.407
-2301.163
-2307.762
-2300.459
-2316.396
-2314.819
-2302.87
-2317.167
-2303.123
-2295.029
-2324.211
-2300.679-2304.256

-2310.3
-2314.658
-2316.102
-2318.387
-2302.618
-2303.954
-2320.83
-2303.854
-2302.972
-2293.944
-2305.116
-2316.219
-2308.105
-2323.029
-2308.911
-2307.387
-2310.255
-2312.716
-2307.083
-2314.706
-2313.434
-2311.88
-2308.006
-2307.065
-2300.129
-2313.031
-2304.784
-2311.572
-2298.993-2305.171

-2299.808
-2315.192
-2308.453
-2319.518
-2295.78
-2318.652
-2318.457-2293.224

-2304.038
-2308.934
-2318.946
-2304.86
-2299.388
-2300.14
-2303.078
-2305.051
-2320.974
-2305.726
-2300.784
-2305.985
-2303.391
-2299.509
-2302.826
-2293.245
-2294.798
-2322.68
-2302.641
-2309.333
-2259.785
-2311.587
-2299.374
-2282.672
-2302.669
-2302.069
-2305.961
-2277.284
-2296.758
-2311.444
-2275.216
-2309.482
-2307.07
-2299.146
-2279.656
-2298.087
-2306.152
-2313.921
-2312.418
-2287.908
-2298.871
-2303.877
-2304.235
-2286.204
-2302.054
-2309.819
-2304.427
-2308.623
-2281.466
-2293.042
-2300.065
-2293.751
-2306.185
-2291.783
-2287.417
-2296.549
-2297.207
-2299.842
-2283.112
-2306.689
-2291.529
-2297.009
-2274.686
-2299.26
-2300.401
-2300.212
-2287.84
-2297.962
-2293.303
-2291.848
-2275.027
-2306.158
-2310.086
-2316.605
-2289.519
-2299.88
-2301.989
-2301.443
-2285.85
-2298.782
-2304.094
-2287.951
-2296.478
-2307.741
-2283.053
-2309.538
-2298.195
-2281.963
-2291.704
-2294.12
-2297.401
-2285.406
-2272.484
-2302.85
-2279.362
-2285.217
-2291.842
-2296.992
-2287.783
-2282.876
-2299.392
-2278.555
-2280.645
-2297.963
-2266.272
-2283.356
-2306.78
-2278.489
-2284.651
-2282.807
-2308.932
-2280.453
-2286.382
-2284.882
-2313.561
-2282.032-2283.76

-2303.127
-2288.303
-2277.935
-2292.318
-2279.558
-2288.598
-2297.151
-2280.856
-2283.525
-2297.595
-2289.909
-2275.641
-2287.774
-2295.367
-2286.165
-2294.861
-2278.451
-2289.439
-2298.836
-2281.291
-2303.698
-2281.767
-2283.748
-2303.872
-2295.91
-2311.077
-2283.103
-2283.846
-2300.255
-2276.326
-2283.989
-2303.528
-2288.587
-2280.55
-2283.427
-2302.622
-2284.548
-2286.082
-2283.261
-2292.804
-2290.576
-2298.189
-2291.659
-2288.261
-2294.648
-2279.195
-2301.559
-2298.049
-2278.544
-2289.073
-2281.321
-2296.622
-2283.841
-2305.438
-2281.976
-2281.288
-2302.193-2280.487
-2280.05

-2286.546
-2307.979
-2299.829
-2294.063
-2302.152
-2282.406
-2292.161
-2279.503
-2283.166
-2290.995
-2295.205
-2298.558
-2287.407
-2293.047
-2292.51
-2284.481
-2286.278
-2281.562
-2279.985
-2287.379
-2299.903
-2286.312
-2290.199
-2284.757
-2289.835
-2299.326
-2293.178
-2283.173
-2300.185
-2278.722
-2298.544
-2297.02
-2299.834
-2301.747
-2298.075
-2307.157
-2307.345
-2291.491
-2296.051
-2299.414
-2301.148
-2289.234
-2300.404
-2291.209
-2292.491-2297.981

-2301.982
-2298.737
-2306.219
-2319.72
-2318.604
-2254.627
-2302.625
-2312.459
-2304.12
-2258.358
-2305.339
-2305.65
-2305.228
-2271.799
-2294.247
-2309.966
-2300.803
-2269.205
-2304.707
-2301.998
-2271.711
-2303.942
-2309.646
-2265.335
-2307.859
-2299.973
-2277.121
-2304.209
-2302.691
-2289.01
-2256.351
-2315.278
-2296.729
-2282.331
-2303.635
-2316.239
-2270.267
-2302.041
-2310.237
-2267.831
-2299.035
-2317.799
-2269.177
-2298.654
-2309.853
-2269.171
-2299.257
-2311.821
-2279.249
-2310.573
-2275.11
-2315.242
-2264.223
-2310.819
-2289.362
-2316.488
-2278.367
-2300.164
-2306.953
-2298.808
-2277.473
-2303.312
-2314.532
-2256.899
-2311.51
-2312.454
-2300.445
-2284.55
-2308.436
-2302.523
-2272.034
-2301.839
-2301.614
-2281.394
-2304.931
-2270.729
-2316.566
-2278.292
-2266.799
-2315.772
-2268.257
-2310.894
-2276.012
-2271.805
-2313.484
-2277.69
-2306.164
-2285.41
-2305.602
-2264.92
-2279.068
-2312.597
-2268.683
-2318.773
-2315.888-2261.785

-2315.353
-2320.833-2280.251

-2336.264
-2265.882
-2331.672
-2333.763
-2323.501
-2232.857
-2300.58
-2271.426
-2334.554
-2268.596
-2302.577
-2267.571
-2336.875
-2317.767
-2264.946
-2272.015
-2338.962
-2306.113
-2272.169
-2265.45
-2306.841
-2272.373
-2338.961
-2255.342
-2307.921
-2259.761
-2322.886
-2311.725
-2271.57
-2270.684
-2324.881
-2314.064
-2280.384
-2310.264
-2278.663
-2284.294
-2326.916
-2310.99
-2271.137
-2271.728
-2345.942
-2310.636
-2274.766
-2330.252
-2270.593
-2314.248
-2271.692
-2330.507
-2314.073
-2259.767
-2259.052
-2265.471
-2315.952
-2273.025
-2329.24
-2266.796
-2272.855
-2324.224
-2259.356
-2346.292
-2273.951
-2329.409
-2315.175
-2331.857
-2277.66
-2309.21
-2329.93
-2310.432
-2268.695
-2329.076
-2308.443
-2272.623
-2311.282
-2337.494
-2276.655
-2313.203
-2335.627
-2310.587
-2251.968
-2326.009
-2318.999
-2261.446
-2308.252
-2334.621
-2281.668
-2315.383
-2333.78
-2316.832
-2264.949
-2328.325
-2332.658
-2264.991
-2327.015
-2321.014
-2268.938
-2311.218
-2327.38
-2289.359
-2307.668
-2345.507
-2309.737
-2269.316
-2334.518
-2313.46
-2311.267
-2269.103
-2321.568
-2278.405
-2319.403
-2309.056
-2275.47
-2326.054
-2345.361
-2328.253
-2272.013
-2327.2
-2309.835
-2269.679
-2337.379
-2309.502
-2315.74
-2339.285
-2317.043
-2330.733
-2306.529
-2335.365
-2315.865
-2274.061
-2308.985
-2334.935
-2270.862
-2316.085
-2342.501
-2273.413
-2313.05
-2324.135
-2268.035
-2319.651
-2341.904
-2313.281
-2274.154
-2307.764
-2334.226
-2284.843
-2308.515
-2337.545
-2307.436
-2265.738
-2338.256
-2310.26
-2252.589
-2337.331
-2312.944
-2269.401
-2343.626
-2322.026
-2266.508
-2312.845
-2333.304
-2268.554
-2306.904
-2343.612
-2309.291
-2250.563
-2333.614
-2311.652
-2270.939
-2313.714
-2256.52
-2308.513
-2266.763
-2310.398
-2282.607
-2265.712
-2316.758
-2275.723
-2312.554
-2314.659
-2267.636
-2270.247
-2271.159
-2290.405
-2282.047
-2294.431
-2289.076
-2281.049
-2293.68
-2286.756
-2281.549
-2262.146
-2285.405
-2286.586
-2269.211
-2285.263
-2276.985
-2279.896
-2293.97
-2279.595
-2259.199
-2272.915
-2274.473
-2277.208
-2267.663
-2298.276
-2290.638
-2272.75
-2285.346
-2273.066
-2278.42
-2266.026
-2282.133
-2289.447
-2269.608
-2290.615
-2281.627
-2289.085
-2278.279
-2289.001
-2275.759
-2285.282
-2276.496
-2278.676
-2278.121
-2277.999
-2291.224
-2274.588
-2268.92
-2279.577
-2278.659
-2267.548
-2277.92
-2287.949
-2270.151
-2275.87
-2286.329
-2274.622
-2281.856
-2273.324
-2274.117
-2278.048
-2280.83
-2280.196
-2275.288
-2286.377
-2279.244
-2286.846
-2280.179
-2283.246
-2279.702
-2287.079
-2274.954
-2285.822
-2285.326
-2281.805
-2282.93
-2277.792
-2290.583
-2292.447
-2282.615
-2276.633
-2286.1
-2281.388
-2288.234
-2303.545
-2287.78
-2271.571
-2284.276
-2272.974
-2300.218
-2280.274
-2277.272
-2281.098
-2272.88
-2273.418
-2278.944
-2295.352
-2285.482
-2274.698
-2274.739
-2279.78
-2281.511
-2277.457
-2277.001
-2283.747
-2280.397
-2287.586
-2288.571
-2280.638
-2283.482
-2289.972
-2286.937
-2274.759
-2284.423
-2272.812
-2277.974
-2279.608
-2279.534
-2274.646
-2280.897
-2270.64
-2272.963
-2279.84
-2273.895
-2279.575
-2277.645
-2276.038
-2285.34
-2273.988
-2286.944
-2278.208
-2280.15
-2275.355
-2284.67
-2273.291
-2275.78
-2268.411
-2282.729
-2323.595
-2274.087
-2277.688
-2276.145
-2284.134-2288.575

-2331.419
-2272.729
-2271.279
-2276.405
-2327.064
-2280.36
-2286.943
-2270.025
-2339.165
-2273.759
-2274.699
-2281.501
-2332.521
-2283.047
-2277.244
-2276.927
-2343.693
-2277.683
-2284.537
-2327.454
-2279.063
-2281.913
-2329.548
-2279.859
-2340.576
-2286.314
-2353.366
-2283.912
-2313.339
-2268.019
-2333.934
-2323.478
-2280.589
-2332.802
-2323.873
-2345.055
-2273.761
-2325.25
-2329.571
-2334.393
-2279.564
-2327.744
-2344.086
-2291.654
-2325.857
-2344.133
-2326.884
-2286.867
-2349.291
-2318.369
-2279.341
-2320.339
-2330.888
-2266.049
-2317.922
-2335.646
-2283.911
-2322.827
-2333.385
-2279.656
-2319.804
-2345.013
-2269.92
-2331.955
-2324.381
-2336.294
-2281.68
-2322.133
-2337.684
-2281.895
-2320.078
-2323.057
-2283.675
-2342.474
-2318.19
-2347.89
-2288.328
-2332.304
-2321.357
-2333.96
-2280.778
-2325.294
-2335.553
-2282.289
-2320.95
-2338.608
-2282.295
-2317.534
-2324.786
-2331.279
-2280.111
-2330.384
-2331.414
-2284.093
-2331.972
-2334.424
-2279.614
-2331.616
-2332.171
-2321.734
-2339.011
-2333.802
-2334.387
-2337.983
-2286.578
-2320.556
-2279.361
-2333.751
-2271.965
-2336.239
-2279.363
-2334.207
-2343.509
-2335.234
-2275.222
-2354.59
-2328.664
-2299.745
-2343.749
-2342.333
-2340.79
-2289.864
-2348.521
-2342.416
-2267.127
-2335.821
-2337.039
-2274.84
-2333.274
-2280.906
-2338.86
-2318.353
-2282.107
-2337.696
-2323.234
-2342.337
-2280.843
-2331
-2344.952
-2274.754
-2340.962
-2279.668
-2333.602
-2339.092
-2276.369
-2335.778
-2345.61
-2278.728
-2324.473
-2332.568
-2336.102
-2323.355
-2334.465
-2338.492
-2336.096
-2244.771
-2266
-2260.289
-2262.84
-2258.949
-2276.478
-2261.838
-2271.69
-2268.581
-2255.584
-2258.241
-2262.877
-2260.993
-2261.366
-2250.618
-2267.455
-2269.951
-2254.319
-2269.825
-2257.854
-2260.187
-2261.165
-2266.321
-2264.198
-2259.756
-2261.66
-2268.197
-2255.613
-2258.478
-2268.747
-2261.202
-2253.901
-2262.467
-2261.829
-2259.899
-2256.788
-2269.259
-2271.435
-2250.322
-2249.622
-2259.707
-2261.287
-2254.622
-2258.456
-2260.888
-2264.033
-2259.557
-2279.177
-2261.445
-2260.034
-2272.954
-2287.83
-2253.783
-2262.096
-2273.338
-2259.101
-2261.903
-2282.701
-2278.999
-2270.161
-2271.307
-2280.014
-2280.052
-2277.923
-2275.346
-2285.563
-2290.122
-2298.003
-2275.222
-2293.476
-2259.356
-2285.878
-2316.304
-2301.946
-2285.916
-2285.815
-2284.467
-2310.568
-2284.616
-2284.67
-2283.565
-2282.752
-2267.487
-2289.527
-2289.245
-2286.76
-2300.046
-2283.15
-2263.308
-2275.711
-2296.493
-2279.204
-2292.941
-2276.089
-2297.717
-2296.922
-2293.779
-2273.022
-2298.272
-2324.782
-2296.77
-2269.136
-2281.566
-2326.599
-2304.959
-2295.526
-2279.939
-2310.571
-2315.885
-2276.813
-2292.289
-2289.35
-2276.977
-2311.298
-2280.6
-2268.771
-2296.325
-2298.502
-2290.707
-2266.217
-2303.013
-2263.067
-2302.358
-2310.171
-2284.015
-2262.457
-2286.712
-2311.328
-2293.803
-2279.671
-2291.274
-2282.535
-2309.328
-2289.961
-2295.515
-2259.862
-2289.861
-2305.353
-2283.662
-2276.348
-2296.008
-2294.813
-2280.192
-2282.357
-2282.601
-2276.242
-2307.406
-2294.54
-2294.995
-2267.797
-2296
-2293.711
-2290.732
-2259.6
-2307.92
-2273.258
-2295.397
-2320.723
-2311.313
-2272.372
-2315.894
-2297.163
-2290.236
-2301.923
-2295.004
-2275.494
-2293.228
-2296.219
-2272.755
-2289.551
-2274.488
-2297.434
-2308.158
-2268.064
-2305.775
-2297.69
-2287.857
-2265.729
-2312.925
-2301.684
-2289.498
-2270.782
-2299.077
-2319.616
-2275.92
-2293.771
-2292.083
-2281.456
-2311.486
-2295.949
-2296.204
-2269.133
-2312.506
-2293.114
-2262.455
-2285.622
-2305.855
-2296.205
-2260.205
-2286.141
-2305.255
-2269.266
-2313.605
-2292.598
-2270.591
-2305.427
-2307.857
-2269.969
-2292.82
-2306.572
-2264.17
-2318.12
-2306.264
-2287.537
-2262.834
-2316.666
-2291.075
-2310.377
-2291.976
-2301.904
-2319.495
-2289.567
-2290.915
-2303.185
-2277.718
-2286.836
-2310.924
-2302.343
-2293.904
-2297.773
-2304.082
-2296.133
-2306.079
-2292.241
-2313.474
-2295.129
-2299.445
-2305.547
-2300.121
-2313.965
-2312.449
-2317.48
-2319.364
-2303.674
-2307.892
-2312.451
-2305.602
-2311.522
-2305.456
-2301.654
-2307.34
-2280.881
-2303.914
-2318.044
-2286.698
-2308.25
-2305.424
-2315.332
-2315.635
-2314.245
-2319.378
-2309.074
-2316.179
-2326.464
-2312.152
-2304.543
-2315.608
-2331.652
-2218.557
-2313.524
-2231.035
-2316.852
-2241.294
-2302.631
-2313.882
-2242.448
-2313.653
-2247.258
-2322.235
-2315.865
-2255.049
-2317.968
-2247.245
-2311.528
-2237.924
-2321.418
-2306.751
-2249.191
-2309.947
-2244.402
-2329.485
-2310.51
-2232.292
-2333.155
-2241.139
-2324.128
-2244.743
-2322.945
-2308.514
-2240.578
-2314.227
-2224.478
-2319.993
-2243.9
-2316.546
-2298.73
-2241.555
-2235.327
-2305.268
-2319.845
-2304.521
-2240.628
-2313.485
-2321.728
-2239.848
-2314.25
-2263.874
-2319.772
-2243.488
-2321.079
-2319.571
-2247.364
-2318.512
-2256.023
-2262.201
-2241.412
-2244.298
-2254.404
-2251.285
-2244.546
-2254.17
-2248.085
-2240.03
-2235.314
-2295.222
-2256.493
-2252.503
-2300.336
-2262.561
-2304.417
-2251.33
-2281.039
-2300.901
-2247.358
-2295.087
-2305.587
-2245.689
-2301.038
-2254.615
-2306.637
-2290.414
-2260.497
-2302.244
-2294.524
-2248.129
-2305.479
-2303.042
-2238.996
-2300.964
-2295.711
-2249.429
-2304.791
-2310.358
-2238.861
-2291.161
-2312.081
-2246.473
-2298.095
-2303.244
-2258.674
-2287.264
-2247.572
-2299.849
-2286.021
-2265.608
-2311
-2282.844
-2303.706
-2301.861
-2298.272
-2300.152
-2281.997
-2284.527
-2310.813
-2289.713
-2303.008
-2289.598
-2303.104
-2310.242
-2287.084
-2312.479
-2286.397
-2300.136
-2286.968
-2313.273
-2284.458
-2312.57
-2269.162
-2291.526
-2313.098
-2298.222-2296.528

-2299.1
-2298.503
-2297.277
-2304.114
-2294.775
-2287.409
-2268.861
-2302.165-2295.326

-2280.782
-2299.179
-2312.084
-2297.929
-2289.392
-2286.839
-2301.731
-2292.985
-2279.901
-2300.976
-2301.353
-2296.749
-2283.344
-2297.636
-2298.786
-2288.507
-2299.635
-2299.893
-2304.764
-2306.813
-2305.165
-2294.114
-2307.843
-2296.11
-2287.398
-2289.379
-2312.172
-2296.223
-2291.796
-2310.563
-2293.392-2296.028

-2311.923
-2278.515
-2296.202
-2294.994
-2280.888
-2290.399
-2294.867
-2286.884
-2287.364
-2291.362
-2298.011
-2290.015
-2292.593
-2318.726
-2294.441
-2296.05
-2304.67
-2294.288
-2289.647
-2304.933
-2306.532
-2292.826
-2295.139
-2304.981
-2301.081
-2279.725
-2288.896
-2305.212
-2290.121
-2285.699
-2293.71
-2311.497
-2277.779
-2284.64
-2290.847
-2295.75
-2315.31
-2284.885
-2298.43
-2296.395
-2298.097
-2285.84
-2285.23
-2283.85
-2304.972
-2295.294
-2296.788
-2282.268
-2309.269
-2283.296
-2284.193
-2301.191
-2286.786
-2287.77
-2305.212
-2303.679
-2289.876
-2315.469
-2286.731
-2316.277
-2289.84
-2287.761
-2298.822
-2282.246
-2281.247
-2287.178
-2284.915
-2285.821
-2277.516
-2285.815
-2291.033
-2286.261
-2291.361
-2305.475
-2262.568
-2300.457
-2292.029
-2267.602
-2290.623
-2292.194
-2284.872
-2305.501
-2296.967
-2285.294
-2291.181
-2280.026
-2291.296
-2275.391
-2280.556
-2277.923
-2291.183
-2284.607
-2284.278
-2289.765
-2284.93
-2283.61
-2290.147
-2287.937
-2283.557
-2288.395
-2287.908
-2296.677
-2291.222
-2292.778
-2288.27
-2297.391
-2283.298
-2298.45
-2277.522
-2280.678
-2288.967
-2283.244
-2281.696
-2297.525
-2290.495
-2282.532
-2300.054
-2284.063
-2303.276
-2280.872
-2305.42
-2274.718
-2302.713
-2280.458
-2292.456
-2274.89
-2281.36
-2300.768
-2278.817
-2278.143
-2305.621
-2290.104
-2313.669
-2282.142
-2317.926
-2279.326
-2310.596
-2290.181
-2321.988
-2288.486
-2311.969
-2290.803
-2313.766
-2283.133
-2306.182
-2296.45
-2308.768
-2275.291
-2317.73
-2288.566
-2308.468
-2295.439
-2302.451
-2287.719
-2309.557
-2292.531
-2309.152
-2281.854
-2323.849
-2278.854
-2305.372
-2272.06
-2324.686
-2306.283
-2291.531
-2315.398
-2283.442
-2319.926
-2279.84
-2320.981
-2312.436
-2271.923
-2319.649
-2278.792
-2314.33
-2271.833
-2306.694
-2289.94
-2308.748
-2318.339
-2273.04
-2321.759
-2287.249
-2315.22
-2290.614
-2317.659
-2314.497
-2312.193
-2277.437
-2312.481
-2315.751
-2313.684
-2323.519
-2310.791
-2313.902
-2314.503
-2305.252
-2311.553
-2313.578
-2323.406
-2312.156
-2314.324
-2323.107
-2265.992
-2269.416
-2311.713
-2309.491
-2282.403
-2305.399
-2297.451
-2302.635
-2280.149
-2299.955
-2273.112
-2298.704
-2279.21
-2319.292
-2267.508
-2311.134
-2278.735
-2304.978
-2275.284
-2300.019
-2275.059
-2307.815
-2279.931
-2302.106
-2280.764
-2299.141
-2289.21
-2302.093
-2276.355
-2295.196
-2307.376
-2283.847
-2293.505
-2304.18
-2287.599
-2290.574
-2315.277
-2304.996
-2284.667
-2284.511
-2315.154
-2296.792
-2292.571
-2282.801
-2302.961
-2301.729
-2283.477
-2292.974
-2305.409
-2302.142
-2278.767
-2298.28
-2314.283
-2308.79
-2291.07
-2287.641
-2306.355
-2290.537
-2302.464
-2286.748
-2309.539
-2293.341
-2314.066
-2295.35
-2297.791
-2279.209
-2308.089
-2301.814
-2305.686
-2289.391
-2291.699-2305.714

-2299.172
-2280.261
-2304.884
-2310.313
-2299.766
-2290.544
-2293.247
-2311.099
-2303.067
-2274.161
-2312.255
-2289.391
-2301.71
-2293.254
-2311.044
-2283.584
-2298.4
-2264.745
-2317.86
-2289.299
-2292.22
-2279.373
-2310.675
-2293.25
-2279.44
-2313.095
-2317.905
-2290.365
-2288.275
-2311.095
-2320.952
-2296.73
-2304.43
-2304.859
-2313.546
-2311.6
-2312.087
-2299.509
-2329.358
-2274.321
-2295.043
-2307.589
-2283.646
-2297.377
-2317.268
-2278.88
-2289.093
-2308.736
-2297.739
-2302.081
-2292.149
-2296.715-2315.106

-2307.07
-2298.784
-2318.376
-2281.967
-2303.69
-2313.729
-2281.529
-2308.82
-2300.021
-2290.329
-2311.829
-2309.352
-2293.911
-2289.734
-2312.225
-2308.94
-2291.919
-2288.766
-2310.936
-2310.622
-2307.613
-2298.769
-2310.168
-2304.507
-2296.797
-2300.221
-2305.13
-2311.498
-2292.726
-2284.865
-2314.745
-2305.689
-2292.216
-2281.653
-2304.393
-2302.959
-2277.114
-2304.354
-2311.654
-2282.388
-2301.14
-2311.431
-2275.538
-2301.421
-2300.538
-2302.863
-2287.479
-2302.695
-2293.049
-2302.978
-2302.557
-2301.615
-2309.422
-2305.477
-2317.327
-2287.347
-2305.826
-2295.223
-2302.813
-2269.108
-2302.941
-2297.985
-2264.795
-2295.539
-2302.686
-2267.224
-2308.609
-2253.636
-2305.741
-2297.161
-2270.77
-2311.238
-2285.814
-2303.863
-2267.99
-2281.976
-2307.646
-2261.198
-2287.644
-2314.88
-2274.427
-2280.783
-2303.992
-2290.254
-2268.699
-2315.448
-2258.241
-2322.616
-2271.59
-2313.969
-2276.62
-2285.554
-2276.799
-2261.983
-2273.547
-2266.005
-2269.158
-2260.481
-2266.61
-2263.756
-2284.734
-2272.314
-2265.133
-2273.861
-2289.386
-2295.029
-2288.596
-2280.646
-2274.449
-2278.018
-2265.992
-2277.78
-2281.602
-2273.771
-2275.16
-2281.129
-2273.136
-2282.069
-2267.745
-2274.405
-2274.833
-2284.158
-2271.15
-2283.975
-2275.79
-2278.115
-2279.734
-2275.304
-2259.146
-2271.041
-2275.043
-2266.881
-2279.299
-2274.825
-2279.456
-2273.075
-2286.489
-2272.834
-2276.704
-2275.707
-2276.642
-2273.004
-2277.221
-2281.997
-2267.806
-2275.374
-2274.204
-2266.332
-2279.701
-2274.859
-2279.31
-2277.531
-2270.887
-2272.105
-2270.729
-2270.277
-2264.293
-2277.367
-2278.67
-2275.467
-2273.564
-2263.725
-2276.439
-2290.302
-2277.004
-2266.49
-2264.449
-2270.363
-2273.192
-2276.074
-2280.77
-2281.311
-2273.06
-2271.055
-2286.011
-2270.094
-2277.221
-2280.839
-2276.22
-2269.326
-2281.923
-2270.622
-2304.867
-2289.046
-2314.132
-2288.982
-2315.543
-2290.961
-2324.041
-2298.761
-2316.546
-2289.437
-2324.675
-2287.107
-2287.467-2330.935

-2324.164
-2283.622
-2283.746
-2316.747
-2286.66
-2327.137
-2298
-2281.002
-2339.502
-2319.935
-2300.951
-2307.209
-2308.236
-2291.78
-2302.204
-2320.83
-2283.313
-2293.563
-2293.043
-2323.144
-2291.425
-2292.236
-2326.983
-2319.933
-2295.599
-2293.013
-2322.279
-2317.678
-2289.965
-2305.286
-2313.976
-2327.569
-2291.848
-2284.648
-2320.619
-2334.056
-2295.212
-2310.379
-2297.211
-2321.877
-2290.481
-2301.916
-2291.265
-2322.376
-2298.115
-2291.016
-2311.249
-2313.384
-2284.611
-2299.675
-2290.88
-2322.73
-2288.588
-2311.822
-2303.778
-2311.463
-2286.129
-2321.183
-2284.757
-2325.043
-2284.359
-2298.868
-2296.619
-2323.09
-2286.24
-2328.372
-2297.044
-2305.438
-2289.142
-2312.414
-2283.929
-2303.274
-2291.632
-2321.989
-2286.292
-2293.816
-2312.975
-2335.927
-2297.803
-2293.851
-2328.304
-2323.995
-2291.817
-2297.694
-2320.702
-2325.248
-2306.16
-2315.19
-2319.682
-2308.469
-2295.805
-2320.942
-2291.275
-2293.709
-2311.047
-2289
-2297.547
-2302.871
-2291.678
-2310.247
-2300.055
-2323.824
-2297.987
-2318.349
-2288.335
-2329.034
-2288.713
-2293.609
-2312.335
-2315.496
-2287.281
-2323.394
-2296.245
-2314.02
-2303.828
-2322.853
-2289.906
-2299.07
-2307.781
-2319.016
-2284.882
-2294.685
-2320.706
-2316.039
-2292.709
-2285.035
-2328.883
-2318.652
-2291.194
-2293.604
-2307.123
-2326.276
-2279.852
-2293.724
-2305.33
-2316.904
-2287.132
-2292.112
-2316.541
-2280.958
-2287.387
-2328.554
-2290.439
-2320.221
-2287.298
-2302.47
-2308.226
-2307.724
-2306.826
-2321.639
-2331.356
-2326.443
-2296.612
-2303.454
-2311.031
-2284.837
-2302.226
-2293.698
-2290.891
-2313.53
-2287.334
-2308.141
-2274.56
-2290.148
-2318.446
-2281.654
-2313.667
-2297.298
-2269.639
-2302.539
-2302.526
-2293.658
-2298.579
-2279.984
-2302.476
-2299.257
-2286.791
-2294.856
-2280.558
-2296.726
-2304.969
-2268.971
-2286.144
-2324.572
-2271.467
-2294.308
-2319.082
-2283.658
-2315.983
-2310.483
-2283.438
-2299.603
-2289.412
-2300.924
-2293.474
-2309.919
-2268.329
-2279.853
-2288.514
-2294.748
-2297.079
-2287.994
-2268.608
-2282.11
-2274.629
-2271.555
-2281.837
-2283.269
-2282.941
-2288.345
-2276.678
-2289.12
-2285.877
-2282.602
-2281.779
-2280.619
-2279.176
-2277.321
-2288.533
-2268.212
-2292.802
-2276.682
-2277.645
-2277.699
-2289.995
-2287.163
-2282.3
-2282.784
-2277.466
-2278.768
-2293.853
-2270.794
-2286.412
-2271.575
-2282.718
-2269.974
-2291.192
-2284.152
-2288.578
-2279.379
-2289.845
-2289.221
-2273.443
-2279.502
-2282.886
-2281.583
-2281.93
-2275.658
-2273.69
-2276.285
-2278.832
-2278.635
-2274.42
-2274.216
-2286.187
-2287.042
-2276.903
-2285.96
-2274.768
-2280.38
-2290.198
-2275.126
-2267.049
-2279.871
-2287.358
-2286.007
-2291.065
-2276.94
-2283.494
-2269.642
-2297.247
-2270.009
-2267.595
-2272.285
-2267.19
-2289.101
-2279.16
-2283.617
-2293.945
-2277.041
-2301.022
-2277.313
-2278.783
-2279.541
-2290.181
-2276.005
-2274.823
-2288.987
-2285.25
-2287.182
-2296.166
-2290.04
-2287.686
-2282.845
-2287.358
-2306.737
-2286.738
-2296.082
-2279.69
-2300.18
-2288.101
-2280.701
-2294.874
-2274.009
-2300.693
-2287.231
-2287.792
-2282.968
-2294.014
-2279.027
-2295.677
-2284.823
-2294.139
-2270.605
-2280.361
-2300.882
-2282.843
-2277.323
-2292.878
-2291.218
-2287.814
-2291.812
-2289.232
-2282.282
-2270.862
-2285.921
-2284.009
-2302.331
-2279.089
-2285.027
-2291.37
-2292.413
-2272.99
-2293.479
-2279.108
-2291.962
-2289.201
-2295.848
-2293.742
-2298.061
-2283.778
-2293.524
-2290.853
-2289.709
-2285.793
-2286.335
-2287.794
-2307.448
-2283.48
-2300.026
-2295.985
-2285.802
-2285.155
-2294.306
-2296.538
-2282.562
-2286.309
-2300.966
-2276.703
-2276.723
-2302.121
-2283.753
-2289.789
-2285.205
-2300.765
-2302.696
-2285.621
-2303.011
-2293.172
-2299.256
-2288.525
-2294.852
-2291.141
-2293.096
-2297.653
-2297.976
-2302.085
-2291.118-2287.548

-2292.13
-2271.968
-2299.452
-2296.243
-2289.949
-2286.605
-2287.268
-2290.393
-2297.562
-2296.208
-2288.341
-2290.871
-2295.003
-2293.154
-2286.617
-2298.871
-2294.797
-2289.221
-2292.25
-2286.488
-2285.158
-2285.366
-2290.672
-2285.74
-2279.055
-2289.191
-2295.828
-2288.564
-2299.591
-2282.69
-2283.186
-2300.206
-2299.295
-2281.647
-2301.153
-2291.402
-2277.747
-2298.199
-2301.318
-2276.737
-2287.678
-2287.302
-2291.214
-2281.913
-2279.608
-2292.817
-2295.15
-2281.739
-2294.562
-2299.482
-2288.626
-2290.302
-2292.758
-2280.827
-2288.723
-2280.526
-2292.391
-2289.119
-2288.612
-2282.422
-2297.973
-2293.217
-2292.665
-2293.697
-2281.21
-2311.265
-2282.94
-2291.547
-2289.785
-2307.909
-2309.479
-2317.29
-2288.973
-2299.772
-2295.375
-2295.258
-2317.39
-2289.704
-2315.945
-2289.43
-2288.346
-2319.013
-2295.131
-2283.974
-2316.578
-2290.557
-2317.312
-2290.918
-2292.116
-2313.052
-2283.275
-2296.783
-2317.507
-2285.974
-2320.014
-2296.764
-2279.906
-2323.427
-2287.856
-2280.921
-2316.369
-2293.086
-2286.395
-2306.189
-2299.764
-2294.742
-2314.476
-2298.872
-2322.666
-2286.159
-2310.651
-2316.285
-2288.338
-2316.251
-2299.887
-2323.086
-2297.229
-2296.627
-2316.311
-2293.715
-2332.444
-2317.024
-2286.989
-2321.42
-2296.661
-2315.607
-2287.57
-2325.03
-2315.965
-2284.639
-2322.087
-2325.064
-2327.017
-2295.74
-2306.981
-2296.029
-2313.763
-2328.382
-2288.424
-2315.585
-2298.329
-2321.265
-2303.944
-2318.548
-2313.529
-2301.741
-2315.322
-2298.227
-2306.994
-2310.823
-2317.65
-2299.384
-2320.938
-2304.949
-2325.315
-2322.807
-2310.245
-2304.524
-2308.78
-2297.902
-2314.623
-2299.504
-2306.392
-2300.006
-2315.913
-2291.655
-2298.494
-2310.353
-2284.684
-2310.72
-2297.058
-2312.03
-2307.755
-2313.372
-2308.517
-2292.37
-2301.608
-2308.185
-2293.099
-2286.042
-2300.128
-2303.36
-2298.187
-2296.444
-2288.478
-2289.283
-2248.908
-2310.636
-2256.467
-2311.549
-2266.582
-2304.758
-2295.753
-2307.31
-2262.071
-2298.577
-2305.293
-2256.251
-2309.862
-2259.951
-2309.685
-2269.356
-2307.043
-2318.449
-2297.052
-2260.439
-2303.352
-2303.797
-2272.202
-2306.821
-2307.687
-2275.285
-2313.568
-2302.105
-2269.992
-2298.938
-2288.569
-2260.61
-2307.395
-2303.03
-2297.419
-2269.869
-2307.475
-2303.144
-2277.031
-2299.478
-2296.001
-2295.649
-2253.996
-2310.529
-2305.173
-2304.284
-2274.565
-2305.66
-2267.619
-2305.453
-2259.826
-2316.727
-2267
-2263.971
-2310.003
-2257.953
-2305.228
-2270.785
-2312.734
-2273.311
-2312.705
-2259.249
-2322.238
-2263.477
-2309.414
-2269.396
-2286.032
-2314.48
-2268.855
-2304.017
-2289.045
-2271.65
-2316.535
-2309.563
-2269.373
-2314.83
-2268
-2304.433
-2257.88
-2318.576
-2304.039
-2274.475
-2281.496
-2309.968
-2301.565
-2285.539
-2269.746
-2310.896
-2306.111
-2282.011
-2254.923
-2308.719
-2314.604
-2287.784
-2311.768
-2309.83
-2271.32
-2312.574
-2308.993
-2293.445
-2308.898
-2265.361
-2308.611
-2269.796
-2258.615
-2324.236
-2291.775
-2265.487
-2305.438
-2266.498
-2280.807
-2303.469
-2280.643
-2300.861
-2289.831
-2310.146
-2275.673
-2300.278
-2275.849
-2309.765
-2274.214
-2313.051
-2314.741
-2296.639
-2266.552
-2317.632
-2309.412
-2282.565
-2270.264
-2309.84
-2309.87
-2267.587
-2283.824
-2298.459
-2263.519
-2305.079
-2287.178
-2316.911
-2268.633
-2309.604
-2287.968
-2322.172
-2278.978
-2305.709
-2321.984
-2292.083
-2265.376
-2308.467
-2310.32
-2283.509
-2260.171
-2322.257
-2312.694
-2276.45
-2279.843
-2305.237
-2305.366
-2262.183
-2279.837
-2296.348
-2301.049
-2283.773
-2303.748
-2293.227
-2283.962
-2310.229
-2306.006
-2295.248
-2285.428
-2309.893
-2276.496
-2311.249
-2281.894
-2304.344
-2287.382
-2296.882
-2299.611
-2277.93
-2297.863
-2311.471
-2288.61
-2298.122
-2301.343
-2300.439
-2301.189
-2325.59
-2288.22
-2313.109
-2285.586
-2318.362
-2308.31
-2276.811
-2308.141
-2316.261
-2305.88
-2311.924
-2307.76
-2307.283
-2303.018
-2305.184
-2283.09
-2310.887
-2310.243
-2278.056
-2307.125
-2298.484
-2280.473
-2314.892
-2300.224
-2281.345
-2318.347
-2312.122
-2296.073
-2316.126
-2311.58
-2313.727
-2280.77
-2305.888
-2318.202
-2283.786
-2315.614
-2303.978
-2284.956
-2305.875
-2303.522
-2292.762
-2304.795
-2310.395
-2290.458
-2315.822
-2309.227
-2293.175-2308.359

-2304.953
-2309.256
-2282.832
-2308.109
-2308.386
-2273.534
-2300.196
-2274.445
-2313.089
-2278.279
-2307.97
-2289.07
-2308.099
-2290.375
-2297.264
-2306.077
-2310.867
-2312.304
-2278.952
-2321.651
-2281.747
-2297.623
-2283.337
-2304.002
-2277.264
-2308.438
-2294.535
-2306.436
-2299.457
-2315.761
-2287.247
-2310.636
-2291.145
-2322.475
-2293.112
-2310.767
-2283.445
-2315.574
-2283.737
-2278.61
-2309.367
-2283.156
-2304.364
-2279.346
-2299.414
-2298.037
-2311.387
-2283.247
-2308.062
-2288.943
-2303.788
-2281.279
-2304.171
-2282.453
-2281.742
-2289.082
-2302.716
-2285.534
-2290.061
-2296.036
-2298.677
-2284.094
-2283.43
-2291.101
-2282.924
-2282.836
-2287.726
-2291.588
-2285.99
-2285.78
-2306.79
-2294.753
-2287.121
-2290.412
-2282.222
-2282.998
-2285.431
-2286.493
-2296.312
-2291.518
-2306.383
-2304.66
-2285.54
-2294.481
-2289.002
-2252.458
-2288.98
-2304.351
-2282.967
-2278.452
-2326.641
-2277.026
-2293.575
-2320.928
-2292.086
-2297.981
-2271.437
-2318.968
-2285.7
-2285.667
-2289.832
-2323.496
-2269.843
-2279.854
-2323.941
-2284.062
-2286.791
-2282.102
-2333.104
-2292.785
-2280.096
-2280.484
-2329.16
-2295.636
-2316.101
-2283.963
-2283.706
-2295.677
-2326.292
-2284.283
-2300.937
-2284.954
-2332.011
-2311.036
-2292.937
-2328.239
-2287.659
-2298.415
-2294.235
-2332.411
-2288.485
-2302.172
-2293.186
-2320.452
-2280.373
-2283.023
-2327.453
-2288.497
-2287.042
-2301.639
-2334.445
-2279.824
-2290.843
-2277.732
-2290.034
-2340.782
-2298.987
-2283.274
-2329.055
-2290.22
-2280.423
-2290.505
-2335.271
-2288.587
-2296.594
-2327.658
-2287.896
-2305.77
-2289.528
-2327.28
-2292.795
-2313.191
-2332.607
-2297.397
-2290.671
-2324.026
-2299.123
-2293.437
-2287.054
-2328.793
-2289.208
-2296.007
-2284.144
-2324.276
-2291.83
-2294.115
-2286.457
-2322.524
-2305.821
-2288.635
-2327.17
-2298.243
-2294.818
-2291.602
-2332.948
-2297.085
-2280.673
-2328.123
-2293.275
-2300.304
-2277.369
-2302.312
-2332.117
-2294.566
-2281.141
-2338.684
-2290.63
-2292.549
-2322.084
-2291.591
-2286.217
-2321.952
-2302.882
-2294.276
-2290.193
-2291.238
-2284.308
-2286.452
-2295.211
-2297.216
-2323.062
-2320.738
-2293.526
-2302.517
-2321.644
-2293.947
-2301.823
-2326.845
-2299.164
-2287.228
-2301.911
-2328.91
-2293.558
-2284.6
-2282.475
-2319.018
-2304.768
-2300.318
-2331.539
-2287.646
-2283.846
-2290.282
-2326.876
-2291.979
-2277.785
-2328.365
-2279.152
-2302.277
-2291.895
-2326.166
-2288.747
-2290.644
-2288.332
-2317.629
-2286.839
-2297.499
-2287.939
-2295.573
-2329.845
-2288.793
-2302.256
-2340.931
-2291.546
-2287.857
-2327.352
-2297.958
-2287.134
-2324.77
-2295.286
-2293.829
-2305.196
-2331.138
-2297.996
-2299.375
-2304.56
-2318.67
-2294.047
-2290.601
-2323.07
-2289.462
-2285.995
-2303.476
-2292.379
-2280.094
-2290.019
-2295.201
-2282.838
-2315.774
-2276.282
-2295.501
-2287.998
-2303.946
-2241.796
-2292.195
-2264.771
-2303.953
-2261.038
-2259.134
-2293.416
-2263.215
-2266.529
-2265.109
-2228.239
-2282.264
-2239.575
-2272.047
-2252.343
-2256.151
-2250.976
-2260.391
-2248.054
-2260.852
-2253.365
-2257.342
-2265.848
-2237.731
-2259.951
-2245.777
-2263.364
-2264.678
-2254.775
-2271.044
-2262.904
-2261.084
-2252.866
-2269.434
-2272.014
-2267.322
-2267.119
-2251.376
-2263.254
-2242.023
-2268.174
-2263.948
-2271.347
-2260.423
-2263.35
-2264.466
-2239.675
-2261.683
-2253.506
-2269.098
-2237.228
-2265
-2244.523
-2257.937
-2270.002
-2257.693
-2267.495
-2252.978
-2263.187
-2257.052
-2265.677
-2266.026
-2266.11
-2254.609
-2271.12
-2268.243
-2243.216
-2261.415
-2270.263
-2264
-2259.926
-2266.266
-2262.139
-2269.738
-2251.07
-2267.433
-2238.396
-2263.123
-2272.588-2256.179

-2259.755
-2245.322
-2248.636
-2263.32
-2252.474
-2247.448
-2256.221
-2243.706
-2273.836
-2236.052
-2240.51
-2251.062
-2259.143
-2255.688
-2251.526
-2266.591
-2260.426
-2273.731
-2273.403
-2252.584
-2245.482
-2244.949
-2282.968
-2256.472
-2297.713
-2300.247
-2264.365
-2302.947
-2278.999
-2307.728
-2270.012
-2303.78
-2260.284
-2309.321
-2303.015
-2275.623
-2290.294
-2275.697
-2302.036
-2287.1
-2302.265
-2273.375
-2275.359
-2302.683
-2283.528
-2307.837
-2265.817
-2296.53
-2300.34
-2285.007
-2285.555
-2311.545
-2279.42
-2276.627
-2299.892
-2311.357
-2270.211
-2294.499
-2281.256
-2268.002
-2305.079
-2288.006
-2287.098
-2274.569
-2298.303
-2291.263
-2286.75
-2280.266
-2308.533
-2292.474
-2290.05
-2271.998
-2306.223
-2304.312
-2299.091
-2317.562
-2278.448
-2288.562
-2285.029
-2281.835
-2297.554
-2290.554
-2295.06
-2287.342
-2302.058
-2293.372
-2284.539
-2273.726
-2309.984
-2299.508
-2289.435
-2315.037
-2273.918
-2288.289
-2282.643
-2275.41
-2300.412
-2293.341
-2286.322
-2297.697
-2276.075
-2297.134
-2306.321
-2297.545
-2277.248
-2291.856
-2286.95
-2281.565
-2303.559
-2299.005
-2283.816
-2296.075
-2319.132
-2299.522
-2271.325
-2311.688
-2292.35
-2294.28
-2270.116
-2307.394
-2297.039
-2293.049
-2281.568
-2307.931
-2315.047
-2316.676
-2277.807
-2296.866
-2289.451
-2301.194
-2278.975
-2300.017
-2293.017
-2273.934
-2296.735
-2295.152
-2271.644
-2300.088
-2294.722
-2276.025
-2290.526
-2306.288
-2290.801
-2291.603
-2303.784
-2303.896
-2286.124
-2301.902
-2297.071
-2297.853
-2311.859
-2297.398
-2293.454
-2297.416
-2272.087
-2286.49
-2302.819
-2315.482
-2271.208
-2296.893
-2294.269
-2272.708
-2312.273
-2295.722
-2281.232
-2288.88
-2312.309
-2272.642
-2285.063
-2289.751
-2301.004
-2276.051
-2304.33-2294.205

-2294.819
-2278.706
-2299.099
-2298.336
-2287.629
-2312.152
-2292.398
-2282.234
-2292.749
-2310.215
-2290.005
-2291.353
-2306.464
-2283.674
-2280.216
-2290.764
-2306.86
-2281.303
-2298.136
-2284.443
-2293.274
-2275.572
-2291.174
-2293.367
-2280.348-2299.628

-2290.297
-2293.265
-2282.21
-2288.109
-2286.414
-2294.555
-2289.9
-2294.104
-2302.796
-2288.142
-2297.356
-2304.625
-2297.882
-2287.156
-2310.612
-2289.195
-2306.116
-2312.963
-2282.226
-2299.598
-2313.27
-2287.193
-2288.59
-2311.26
-2290.028
-2312.805
-2295.315
-2309.825
-2293.905
-2312.721
-2298.968
-2312.151
-2299.177
-2311.95
-2314.5
-2314.972
-2282.433
-2308.549
-2296.247
-2305.58
-2297.983
-2311.747
-2312.084
-2305.512
-2317.576
-2300.086
-2320.17
-2307.193
-2324.408
-2295.499
-2308.95
-2301.448
-2323.495
-2304.204
-2309.282
-2306.307
-2299.748
-2315.05
-2293.67
-2318.472
-2293.425
-2316.439
-2300.087
-2304.581
-2305.014
-2308.779
-2297.701
-2314.375
-2305.863
-2321.72
-2308.893
-2314.702
-2301.494
-2306.638
-2312.022
-2302.399
-2304.422
-2302.465
-2310.581
-2301.257
-2318.913
-2292.603
-2313.048
-2305.782
-2313.659
-2299.153
-2318.366
-2299.246
-2318.878
-2305.822
-2323.977
-2294.601
-2326.025
-2299.61
-2319.889
-2301.54
-2307.059
-2311.738
-2319.658
-2312.779
-2311.256
-2318.675
-2292.198
-2322.575
-2294.834
-2291.515
-2323.302
-2308.041
-2316.792
-2293.716
-2313.821
-2307.668
-2304.1
-2298.815
-2307.391
-2306.615
-2304.13
-2301.373
-2300.853
-2310.344
-2297.081
-2305.534
-2298.752
-2287.471
-2298.332
-2295.91
-2251.484
-2319.335
-2263.701
-2314.268
-2309.216
-2264.716
-2303.586
-2267.993
-2292.834
-2261.346
-2248.2
-2306.345
-2280.578
-2263.958
-2303.162
-2262.447
-2301.043
-2299.829
-2305.827
-2262.909
-2296.546
-2249.963
-2294.787
-2259.324
-2308.354
-2261.309
-2293.8
-2288.44
-2297.295
-2303.058
-2271.311
-2261.236
-2294.583
-2253.946
-2293.825
-2274.894
-2297.141
-2259.543
-2269.588
-2314.769
-2311.116
-2261.831
-2265.499
-2303.396
-2299.699
-2257.547
-2268.617
-2301.78
-2305
-2259.787
-2294.942
-2268.46
-2316.662
-2301.272
-2267.594
-2275.852
-2291.682
-2262.012
-2304.13
-2266.435
-2295.126
-2262.939
-2302.18
-2271.236
-2295.976
-2308.406
-2276.474
-2250.769
-2308.479
-2308.12
-2254.044
-2270.641
-2305.702
-2305.335
-2261.314
-2268.599
-2298.149
-2308.562
-2263.946
-2265.819
-2308.55
-2311.778
-2257.382
-2270.222
-2308.147
-2306.472
-2275.511
-2268.661
-2308.617
-2320.008
-2265.298
-2310.379
-2256.783
-2309.92
-2276.014
-2305.397
-2265.414
-2302.403
-2266.515
-2299.941
-2263.387
-2311.108
-2275.474
-2305.221
-2268.714
-2269.652
-2303.264
-2279.508
-2275.227
-2298.145
-2270.308
-2275.177
-2310.972
-2300.546
-2268.823
-2265.855
-2292.027
-2308.007
-2268.174
-2293.963
-2292.277
-2296.869
-2257.818
-2305.234
-2311.792
-2255.904
-2278.193
-2302.677
-2309.676
-2254.8
-2262.948
-2307.268
-2307.292
-2260.378
-2254.655
-2311.156
-2310.995
-2269.388
-2260.013
-2310.935
-2315.939
-2270.517
-2258.397
-2308.172
-2261.575
-2269.63
-2303.752
-2264.347
-2261.551
-2297.251
-2321.994
-2280.781
-2322.896
-2307.502
-2270.43
-2315.649
-2300.77
-2266.153
-2303.529
-2308.404
-2264.303
-2261.452
-2295.899
-2304.713
-2263.977
-2262.073
-2305.546
-2273.069
-2301.866
-2258.334
-2259.622
-2309.912
-2286.76
-2284.443
-2296.558
-2271.239
-2304.414-2263.39

-2263.409
-2262.715
-2303.815
-2265.124
-2262.62
-2306.156
-2262.867
-2310.854
-2274.439
-2298.593
-2275.577
-2268.203
-2306.314
-2291.846
-2315.977-2259.545

-2298.649
-2258.934
-2291.865
-2290.881
-2257.823
-2293.305
-2265.094
-2288.516
-2261.198
-2285.062
-2284.776
-2290.69
-2289.657
-2308.917
-2298.802
-2295.901
-2318.266
-2307.047
-2319.383
-2299.067
-2325.74
-2286.336
-2313.874
-2294.889
-2325.165
-2290.87
-2326.017
-2286.687
-2286.268
-2319.477
-2287.473
-2325.796
-2293.913
-2319.097
-2296.489
-2319.206
-2302.746
-2316.308
-2276.931
-2315.989
-2284.706
-2320.705
-2288.959
-2322.583
-2304.559
-2326.823
-2316.533
-2287.063
-2314.252
-2302.804
-2310.75
-2292.944
-2314.492
-2301.24
-2319.079
-2299.019
-2315.37
-2301.749
-2311.93
-2288.031
-2309.484
-2316.391
-2293.771
-2307.816
-2294.975
-2313.181
-2304.205
-2326.035
-2302.317
-2315.827
-2295.028
-2323.348
-2312.456
-2319.251
-2316.557
-2319.652
-2298.632
-2315.903
-2283.548
-2288.693
-2316.589
-2289.788
-2313.273
-2297.41
-2314.4
-2295.864
-2320.568
-2303.245
-2317.717
-2303.055
-2297.325
-2318.947
-2297.491
-2315.879
-2309.107
-2316.875
-2321.48
-2325.098
-2323.223
-2323.491
-2328.92
-2314.276
-2317.448
-2282.481
-2289.517
-2290.378
-2284.119
-2283.196
-2287.1
-2287.176
-2291.314
-2288.052
-2304.489
-2282.639
-2308.816
-2293.734
-2255.987
-2307.807
-2290.834
-2270.931
-2301.958
-2295.266
-2275.231
-2301.798
-2287.497
-2253.696
-2270.123
-2296.385
-2299.464
-2275.505
-2278.226
-2295.621
-2287.208
-2285.348
-2274.826
-2303.983
-2285.852
-2276.408
-2303.151
-2286.041
-2287.666
-2280.869
-2296.969
-2273.736
-2286.398
-2285.703
-2307.493
-2275.688
-2286.8
-2291.458
-2310.034
-2280.412
-2289.303
-2279.987
-2307.444
-2272.288
-2281.719
-2279.272
-2291.253
-2269.094
-2286.026
-2276.392
-2311.873
-2267.624
-2301.045
-2274.358
-2315.292
-2273.153
-2307.143
-2291.109
-2300.604
-2277.925
-2285.267
-2281.858
-2311.817
-2280.23
-2283.257
-2272.229
-2311.838
-2277.656
-2297.647
-2279.483
-2306.814
-2271.303
-2290.286
-2279.92
-2315.975
-2279.85
-2287.101
-2295.436
-2307.016
-2286.614
-2289.075
-2298.96
-2274.891
-2283.085
-2292.752
-2295.695
-2290.818
-2280.64
-2289.838
-2293.564
-2281.762
-2277.216
-2292.722
-2300.825
-2279.768
-2280.37
-2295.847
-2312.186
-2280.16
-2289.182
-2293.826
-2297.571
-2291.448
-2279.259
-2294.177
-2282.593-2262.928

-2303.662
-2285.141
-2273.45
-2286.848
-2268.048
-2299.144
-2280.051
-2285.958
-2303.841
-2305.047
-2300.563
-2277.571
-2319.166
-2281.14
-2287.016
-2300.632
-2275.331
-2293.812
-2300.886
-2275.193
-2280.098
-2303.977
-2280.333
-2292.991
-2296.583
-2285.8
-2293.127
-2307.566
-2285.254
-2276.531
-2281.211
-2303.773
-2293.663
-2272.526
-2303.667
-2281.999
-2281.363
-2307.875
-2293.613
-2272.762
-2304.319
-2275.527
-2291.137
-2284.849
-2311.225
-2271.658
-2298.029
-2288.727
-2302.806
-2276.911
-2302.936
-2311.926
-2274.719
-2297.267
-2275.747
-2301.459
-2283.532
-2280.748
-2271.798
-2317.03
-2274.457
-2300.307
-2318.583
-2271.81
-2272.55
-2294.294
-2277.821
-2276.2
-2279.188
-2267.501
-2286.667
-2281.336
-2279.971
-2291.632
-2271.264
-2277.716
-2280.095
-2282.571
-2270.152
-2283.425
-2288.119
-2278.393
-2282.619
-2275.579
-2282.986
-2285.71
-2277.545
-2294.445
-2294.09
-2292.077
-2292.312
-2288.332
-2289.142
-2320.313
-2297.49
-2328.416
-2285.033
-2328.878
-2284.594
-2334.666
-2298.027
-2334.476
-2292.621
-2336.41
-2299.301
-2282.781
-2325.513
-2280.431
-2327.156
-2294.278
-2312.364
-2281.267
-2332.795
-2278.722
-2341.348
-2287.618
-2282.716
-2327.313
-2338.51
-2285.689
-2332.141
-2305.395
-2332.463
-2279.026
-2335.502
-2284.7
-2328.24
-2321.886
-2284.932
-2323.031
-2303.14
-2326.477
-2288.47
-2326.519
-2289.017
-2293.822
-2329.752
-2291.206
-2328.384
-2302.662
-2328.112
-2286.069
-2333.308
-2279.117
-2324.142
-2287.603
-2320.91
-2342.049
-2294.803
-2331.466
-2300.093
-2336.555
-2286.904
-2339.347
-2280.679
-2332.476
-2328.986
-2336.229
-2287.292
-2328.146
-2297.482
-2332.298
-2284.891
-2278.743
-2327.98
-2279.534
-2319.833
-2281.345
-2327.89
-2287.636
-2334.45
-2290.161
-2287.223
-2323.181
-2282.511
-2320.196
-2326.3
-2326.395
-2325.788
-2328.389
-2331.76
-2324.69
-2334.143
-2338.907
-2275.683
-2281.239
-2286.5
-2260.511
-2295.914
-2269.229
-2288.726
-2274.119
-2287.647
-2275.774
-2291.858
-2304.117
-2276.561
-2285.318
-2315.323
-2276.12
-2290.104
-2319.336
-2289.143
-2275.539
-2260.402
-2322.863
-2287.526
-2278.991
-2280.491
-2296.415
-2277.541
-2320.867
-2291.437
-2281.365
-2278.105
-2305.565
-2297.088
-2273.604
-2282.781
-2321.072
-2277.188
-2270.239
-2279.525
-2311.165
-2286.423
-2273.132
-2291.235
-2310.017
-2272.612
-2284.277
-2295.731
-2304.506
-2284.352
-2282.178
-2302.002
-2277.329
-2276.035
-2280.793
-2304.057
-2291.384
-2270.954
-2280.329
-2313.422
-2296.219
-2281.384
-2278.367
-2327.571
-2294.413
-2290.537
-2279.091
-2305.269
-2289.167
-2286.558
-2272.541
-2310.771-2281.584

-2289.133
-2273.504
-2298.676
-2290.223
-2308.839
-2271.36
-2279.958
-2268.721
-2292.119
-2313.496
-2292.146
-2282.978
-2321.956
-2293.376
-2298.427
-2279.394
-2311.798
-2299.628
-2301.165
-2287.387
-2317.854
-2278.496
-2280.214
-2281.994
-2310.26
-2277.004
-2281.237
-2281.793
-2321.175
-2294.094
-2281.974
-2277.269
-2288.877
-2316.692
-2293.843
-2284.374
-2313.76
-2278.731
-2303.26
-2314.21
-2281.863
-2302.011
-2303.713
-2286.807
-2290.24
-2299.125
-2306.641
-2308.056
-2284.859
-2282.026
-2308.175
-2290.57
-2294.945
-2324.465
-2293.168
-2271.667
-2284.293
-2316.472
-2292.04
-2277.553
-2294.889
-2286.639
-2289.631
-2297.44
-2283.748
-2283.194
-2298.588
-2277.891
-2293.52
-2319.55
-2295.039
-2286.842
-2287.294
-2314.766
-2287.431
-2280.634
-2313.151
-2298.171
-2279.621
-2299.833
-2276.2
-2290.462
-2296.706
-2283.574
-2288.807
-2290.489
-2312.308
-2286.642
-2280.132
-2289.58
-2287.618
-2311.432
-2288.312
-2276.47
-2293.268
-2285.871
-2312.182
-2276.81
-2297.245
-2319.974
-2280.359
-2266.56
-2310.069
-2297.769
-2282.983
-2314.01
-2294.387
-2277.499
-2287.777
-2311.099
-2295.182
-2317.125
-2310.895
-2292.514
-2316.812
-2300.943
-2298.324
-2305.794
-2289.757
-2303.607
-2315.877
-2315.997
-2292.685
-2317.296
-2315.41
-2290.598
-2316.57
-2321.575
-2304.4
-2306.043
-2295.101
-2321.665
-2294.377
-2300.179
-2290.241
-2309.294
-2308.588
-2308.735
-2309.143
-2319.562
-2267.611
-2310.378
-2317.13
-2264.819
-2317.938
-2267.943
-2311.769
-2271.446
-2328.485
-2320.092
-2272.7
-2315.859
-2283.021
-2331.235
-2280.539
-2315.909
-2315.206
-2287.245
-2312.393
-2280.898
-2314.894
-2285.916
-2315.088
-2272.595
-2313.036
-2283.064
-2312.278
-2283.617
-2277.247
-2302.503
-2272.923
-2310.614
-2306.36
-2268.053
-2310.036
-2275.143
-2307.968
-2268.263
-2309.764
-2272.668
-2312.68
-2276.743
-2319.036
-2288.662
-2321.591
-2272.083
-2320.665
-2273.45
-2317.656
-2268.918
-2315.746
-2274.892
-2309.841
-2269.746
-2313.925
-2281.846
-2305.145
-2287.699
-2315.113
-2280.269
-2279.814
-2322.632
-2282.946
-2316.401
-2283.441
-2309.908
-2284.893
-2317.312
-2321.568
-2293.187
-2308.285
-2292.985
-2322.725
-2295.035
-2292.101
-2284
-2285.346
-2288.479
-2278.598
-2271.09
-2286.677
-2282.831
-2284.091
-2275.394
-2239.232
-2285.305
-2277.484
-2256.118
-2276.691
-2275.357
-2250.103
-2284.465
-2255.347
-2283.881
-2261.853
-2283.47
-2269.327
-2279.433
-2260.025
-2298.338
-2251.674
-2304.808
-2261.45
-2291.668
-2268.33
-2296.053
-2274.565
-2293.912
-2276.229
-2289.486
-2261.366
-2271.857
-2311.58
-2274.921
-2266.728
-2282.768
-2275.314
-2262.261
-2293.711
-2263.558
-2295.83
-2272.275
-2288.859
-2277.973
-2300.776
-2263.111
-2289.777
-2291.167
-2292.323
-2271.648
-2284.307
-2295.797
-2272.203
-2277.052
-2293.439
-2295.172
-2258.107
-2275.162
-2304.809
-2272.726
-2284.351
-2282.028
-2301.059
-2279.044
-2279.436
-2285.604
-2298.644
-2263.429
-2281.477
-2284.438
-2303.81
-2264.88
-2275.02
-2294.243
-2298.31
-2268.897
-2290.039
-2295.424
-2284.467
-2287.638
-2300.601
-2282.835
-2301.407
-2284.835
-2278.699
-2282.064
-2297.324
-2272.297
-2290.426
-2304.289
-2296.239
-2273.677
-2290.036
-2286.83
-2286.574
-2269.247
-2288.675
-2278.083
-2292.325
-2265.346
-2285.005
-2270.603
-2301.92
-2268.057
-2310.521
-2292.22
-2285.872
-2292.798
-2287.275
-2292.497
-2292.564
-2290.784
-2284.309
-2269.986
-2293.88
-2294.54
-2272.918
-2292.305
-2293.124
-2263.091
-2286.551
-2305.318
-2296.337
-2272.845
-2296.342
-2295.139
-2279.02
-2278.463
-2288.957
-2290.649
-2307.048
-2262.443
-2284.28
-2294.672
-2272.322
-2286.046
-2303.265
-2284.069
-2272.613
-2296.923
-2309.178
-2276.943
-2274.057
-2291.476
-2309.1
-2279.692
-2270.664
-2298.693
-2298.375
-2291.328
-2276.633
-2286.576
-2304.068
-2271.176
-2275.97
-2288.951
-2269.901
-2290.663-2298.852

-2270.44
-2288.038
-2306.244
-2289.317
-2281.026
-2294.741
-2285.471
-2267.593
-2295.408
-2293.397
-2278.07
-2294.705
-2295.44
-2271.825
-2287.81
-2300.796
-2291.297
-2299.528
-2289.502
-2295.714
-2289.497
-2289.007
-2282.627
-2296.077
-2284.599
-2290.581
-2280.97
-2292.475
-2301.133
-2278.319
-2299.821
-2280.5
-2282.472
-2307.258
-2303.527
-2285.895
-2296.78
-2295.265
-2285.152
-2298.609
-2290.672
-2292.398
-2301.122
-2288.065
-2302.125
-2309.503
-2297.301
-2301.668
-2306.338
-2286.027
-2297.043
-2311.759
-2285.363
-2300.172
-2295.134
-2295.309
-2303.606
-2294.214
-2307.226
-2306.308
-2293.902
-2307.44
-2301.675
-2302.743
-2281.816
-2304.428
-2295.748
-2294.178
-2294.662
-2300.385
-2297.024
-2296.226
-2311.431
-2310.089
-2304.068
-2297.394
-2286.823
-2311.846
-2297.875
-2306.707
-2282.151
-2306.174
-2299.631
-2293.705
-2307.825
-2291.139
-2295.903
-2304.115
-2299.318
-2305.763
-2308.158
-2319.885
-2301.856
-2298.181
-2315.333
-2306.823
-2315.183
-2300.78
-2306.692
-2295.338
-2291.682
-2292.583
-2306.19
-2297.596
-2309.561
-2292.079
-2306.976
-2298.338
-2318.112
-2307.791
-2298.898
-2304.079
-2300.689
-2303.591
-2315.46
-2317.155
-2302.194
-2300.577
-2309.979
-2297.017
-2294.483
-2309.028
-2293.487
-2297.742
-2294.91
-2307.696
-2307.347
-2315.508
-2299.964
-2309.709
-2310.46
-2296.437
-2307.986
-2292.806
-2311.312
-2305.16
-2306.154
-2313.379
-2306.415
-2302.588
-2311.911
-2306.541
-2313.219
-2311.345
-2308.954
-2314.354
-2317.888
-2307.813
-2313.231
-2299.957
-2314.354
-2262.335
-2326.77
-2235.823
-2271.194
-2322.756
-2278.632
-2273.591
-2293.208
-2345.23
-2277.571
-2256.655
-2296.169
-2346.727
-2278.827
-2255.191
-2313.646
-2287.127
-2331.355
-2310.921
-2270.668
-2281.294
-2337.302
-2307.232
-2263.528
-2288.305
-2327.179
-2308.462
-2266.442
-2276.613
-2314.003-2310.624

-2290.074
-2268.278
-2305.679
-2327.754
-2295.967
-2260.109
-2297.117
-2332.105
-2291.337
-2260.956-2314.946

-2293.003
-2325.437
-2289.69
-2274.741
-2283.677
-2309.777
-2287.014
-2267.174
-2280.517
-2300.165
-2310.191
-2268.696-2294.22

-2287.453
-2316.751
-2287.975
-2269.118
-2311.263
-2318.444
-2271.81
-2266.031
-2310.809
-2287.148
-2323.922
-2269.099
-2318.196
-2298.369
-2319.311
-2314.792
-2270.89
-2276.314
-2328.07
-2317.504
-2248.665
-2283.625
-2319.544
-2310.656
-2271.056
-2264.218
-2309.599
-2320.154
-2287.491
-2312.816
-2260.431
-2270.503-2325.323

-2307.803
-2255.849
-2276.701
-2322.145
-2309.282
-2293.964
-2264.562
-2332.87
-2307.425
-2281.332
-2252.507
-2322.954
-2329.741
-2275.298
-2268.804
-2333.025
-2321.863
-2278.977
-2316.425
-2266.859
-2284.274
-2308.798
-2271.47
-2290.558
-2311.057
-2274.837
-2307.144
-2312.355
-2319.008
-2319.402
-2288.254
-2325.764
-2268.651
-2284.066
-2321.888
-2280.744
-2281.859
-2325.136
-2302.566
-2281.455
-2270.467
-2305.232
-2328.102
-2288.115
-2263.333
-2307.742
-2310.403
-2285.736
-2309.235
-2272.332
-2270.109
-2326.336
-2310.057
-2277.773
-2271.181
-2327.507
-2310.371
-2280.792
-2270.855
-2306.649
-2301.797
-2286.536
-2274.883
-2294.367
-2313.165
-2284.324
-2267.11
-2316.39
-2328.875
-2283.863
-2313.793
-2273.705
-2284.116
-2319.472
-2313.546
-2284.833
-2291.09
-2325.67
-2305.624
-2286.2
-2275.61
-2330.89
-2304.264
-2284.054
-2264.197
-2321.247-2303.864

-2287.136
-2271.217
-2301.331
-2319.147
-2286.262
-2279.103
-2310.602
-2315.688
-2302.812
-2289.953
-2328.604
-2305.98
-2280.205
-2325.623
-2263.582
-2339.329
-2280.681
-2318.987
-2271.592
-2325.397
-2247.329
-2276.762
-2271.253
-2284.147-2276.513

-2266.708
-2276.361
-2283.911
-2293.727
-2285.988
-2283.882
-2232.55
-2278.156
-2252.567
-2299.309
-2241.124
-2284.035
-2257.324
-2282.406
-2276.907
-2262.673
-2275.387
-2248.448
-2277.578
-2257.842
-2286.699
-2255.826
-2282.62
-2284.007
-2261.137
-2274.689
-2266.036
-2291.441
-2265.951
-2285.318
-2257.142
-2295.687
-2263.243
-2295.166
-2306.271
-2268.397
-2309.794
-2267.44
-2281.042
-2279.894
-2289.828
-2273.292
-2280.489
-2263.211
-2287.057
-2296.97
-2257.823
-2284.041
-2277.3
-2275.233
-2261.19
-2288.745
-2267.762
-2294.664
-2278.647
-2282.21
-2284.203
-2255.004
-2276.393
-2261.474
-2286.351
-2272.735
-2279.177
-2259.886
-2285.666
-2267.467
-2284.271
-2292.755
-2278.305
-2268.802
-2275.946
-2291.802
-2278.919
-2303.574
-2259.562
-2286.6
-2264.971
-2286.552
-2290.692
-2274.334
-2301.557
-2264.807
-2303.405
-2277.712
-2263.192
-2261.673
-2242.057
-2261.011
-2270.443
-2262.905
-2277.242
-2268.206
-2262.714
-2263.812
-2248.597
-2254.835
-2288.711
-2266.756
-2294.394
-2258.508
-2302.734
-2258.433
-2293.865
-2271.877
-2287.991
-2277.583
-2277.647
-2298.162
-2273.399
-2306.03
-2274.704
-2296.662
-2272.353
-2314.864
-2277.818
-2307.48
-2283.405
-2302.654
-2277.635
-2309.722
-2275.535
-2277.142
-2299.303
-2291.808
-2285.31
-2298.775
-2296.592
-2277.312
-2316.247
-2291.048
-2272.358
-2267.39
-2313.042
-2286.122
-2269.204
-2280.598
-2306.673
-2285.074
-2265.4
-2318.53
-2281.763
-2277.669
-2265.678
-2304.158
-2291.102
-2288.068
-2274.179
-2306.143
-2284.384
-2282.85
-2280.134
-2306.033
-2285.939
-2282.683
-2276.826
-2311.134
-2291.083
-2275.687
-2289.347
-2296.134
-2286.682
-2281.682
-2298.975
-2302.875
-2290.6
-2277.187
-2290.19
-2313.659
-2280.023
-2273.493
-2279.318
-2309.276
-2285.515
-2272.324
-2312.996
-2281.697
-2285.577
-2277.876
-2310.798
-2299.075
-2286.52
-2284.455
-2299.412
-2298.8
-2292.018
-2271.838
-2293.723
-2289.076
-2282.871
-2290.313
-2300.889
-2286.87
-2270.503
-2285.751
-2297.052
-2289.552
-2268.489
-2291.867
-2283.678
-2288.592
-2274.476
-2308.47
-2293.277
-2280.277
-2276.324
-2304.102
-2289.219
-2283.904
-2276.928
-2288.513
-2287.271
-2281.698
-2290.426
-2286.063
-2303.915
-2282.063
-2286.799
-2307.433
-2294.035
-2277.304
-2278.744
-2313.193
-2284.665
-2285.373
-2301.244
-2285.02
-2280.644
-2278.97
-2287.755-2277.091

-2294.217
-2289.146
-2298.328
-2271.881
-2287.148
-2278.994
-2313.325
-2280.457
-2280.262
-2272.842
-2307.86
-2290.7
-2285.826
-2276.26
-2315.193
-2314.613
-2287.422
-2287.136
-2294.225
-2305.605
-2289.956
-2294.694
-2295.982
-2287.195
-2312.651
-2299.517
-2280.436
-2307.155
-2288.017
-2276.989
-2300.112
-2292.764
-2266.999
-2291.217
-2300.836
-2294.862
-2278.479
-2285.359
-2287.918
-2284.57
-2278.573
-2274.02
-2284.255
-2295.296
-2283.273
-2282.794
-2278.129
-2291.491
-2272.689
-2292.822
-2295.991
-2288.015
-2288.943
-2313.835
-2283.564
-2279.844
-2295.746
-2309.017
-2283.249
-2318.153
-2299.042
-2287.054
-2316.735
-2283.021
-2280.509
-2304.631
-2284.251
-2282.813
-2303.272
-2280.845
-2285.795
-2308.976
-2308.547
-2295.188
-2312.58-2288.839

-2312.33
-2292.487
-2306.753
-2276.435
-2303.081
-2305.355
-2314.978
-2311.883
-2317.206
-2323.77
-2308.163
-2317.858
-2303.711
-2322.462
-2309.395
-2312.665
-2326.234
-2325.015
-2325.659
-2301.806
-2328.443
-2306.039
-2321.254
-2303.382
-2313.178
-2303.709
-2315.26
-2316.215
-2321.802
-2303.506
-2308.608
-2324.961
-2324.5
-2331.223
-2310.223
-2323.486
-2302.989
-2323.162
-2316.328
-2324.934
-2311.692
-2328.302
-2325.411
-2311.589
-2332.308
-2313.346
-2324.246
-2329.325
-2324.041
-2304.847
-2313.158
-2318.106
-2320.03
-2317.164
-2315.158
-2312.628
-2315.357
-2314.148
-2327.939
-2301.037
-2318.724
-2311.916
-2331.614
-2320.996
-2315.344
-2313.852
-2305.95
-2324.082
-2321.972
-2307.624
-2333.596
-2309.901
-2313.919
-2310.055
-2327.683
-2306.611
-2328.567
-2303.422
-2313.593
-2318.625
-2322.256
-2339.682
-2332.508
-2328.799
-2327.905
-2327.705
-2328.189
-2333.664
-2330.212
-2265.22
-2328.767
-2315.445
-2277.486
-2327.87
-2262.426
-2253.062
-2268.096
-2277.67
-2279.27
-2270.417
-2283.764
-2268.521
-2297.489
-2265.704
-2280.182
-2261.295
-2284.426
-2282.314
-2295.171
-2270.044
-2279.915
-2273.336
-2278.087
-2303.722
-2276.961
-2284.458
-2279.829
-2322.593
-2283.027
-2293.56
-2308.986
-2278.055
-2288.864
-2279.156
-2321.962
-2270.264
-2298.345
-2266.727
-2316.615
-2279.945
-2318.422
-2317.025
-2272.084
-2287.076
-2321.834
-2313.896
-2270.232
-2278.641
-2313.723
-2300.773
-2281.427
-2281.105
-2308.501
-2321.806
-2278.06
-2276.345
-2321.117-2265.991

-2301.68
-2283.006
-2315.033
-2262.863
-2305.529
-2278.247
-2280.245
-2316.926
-2291.393
-2296.514
-2277.782
-2320.8
-2310.253
-2283.817
-2278.775
-2330.006
-2310.375
-2274.899
-2265.669
-2331.722
-2315.427
-2295.352
-2275.793
-2304.173
-2331.037
-2276.2
-2283.334
-2303.726
-2311.129
-2288.454
-2285.582
-2308.356
-2318.424
-2289.166
-2275.868
-2302.363
-2312.236
-2280.37
-2284.079
-2318.108
-2306.231
-2279.204
-2272.114
-2309.677
-2299.377
-2285.439
-2305.576
-2318.8
-2281.23
-2315.726
-2312.55
-2310.202
-2305.198
-2277.816
-2302.588
-2316.178
-2270.656
-2281.783
-2268.675
-2326.593
-2302.827
-2288.641
-2276.994
-2313.796
-2301.83
-2277.58
-2284.392
-2308.172
-2344.156
-2274.902
-2263.902
-2313.031
-2316.584
-2281.375
-2282.398
-2308.689
-2316.697
-2273.377
-2263.967
-2316.206-2311.182

-2286.155
-2284.06
-2315.125
-2296.472
-2287.511
-2264.441
-2314.491
-2283.847
-2305.445
-2278.013
-2275.371
-2310.141
-2289.556
-2280.54
-2304.687
-2281.903
-2281.835
-2302.055
-2271.147
-2312.571
-2284.98
-2272.736
-2317.794
-2277.853
-2280.279
-2325.515
-2286.189
-2274.842
-2318.399
-2289.311
-2313.771
-2273.025
-2320.365
-2276.238
-2307.807
-2319.32
-2280.685
-2310.015
-2313.536
-2308.666
-2315.613
-2316.327
-2318.871
-2308.04
-2313.26
-2306.149
-2314.877
-2301.735
-2315.411
-2311.986
-2293.925
-2328.785
-2324.447
-2295.676
-2313.976
-2299.349
-2305.354
-2325.717
-2308.305
-2312.368
-2322.848
-2306.223
-2296.76
-2328.531
-2320.732
-2293.212
-2307.02
-2303.596
-2310.088
-2308.395
-2309.061
-2306.214
-2296.972
-2308.099
-2300.033
-2320.307
-2247.716
-2318.893
-2328.707
-2244.894
-2320.783
-2266.524
-2302.77
-2244.942
-2319.457
-2244.964
-2313.274
-2239.584
-2305.903
-2248.695
-2318.196
-2254.716
-2305.298
-2253.562
-2302.886
-2253.145
-2301.773
-2250.204
-2308.012
-2300.384
-2242.349
-2251.77
-2305.827
-2262.37
-2306.658
-2257.327
-2295.639
-2260.039
-2302.372
-2260.011
-2300.326
-2248.258
-2305.807
-2247.652
-2255.971
-2299.111
-2258.276
-2322.712
-2238.803
-2307.199
-2247.684
-2301.335
-2254.805
-2302.29
-2248.252
-2322.173
-2253.592
-2317.17
-2253.554
-2313.616
-2251.674
-2255.929
-2248.32
-2309.208
-2247.044
-2313.407
-2255.435
-2311.459
-2261.836
-2305.171
-2318.406
-2255.506
-2314.421
-2251.149
-2304.218
-2252.1
-2310.741
-2260.969
-2299.408
-2257.079
-2303.18
-2248.163
-2249.195
-2248.632
-2249.713
-2262.297
-2264.826
-2246.239
-2243.064
-2263.767
-2251.642
-2249.436
-2245.876
-2259.002
-2272.469
-2259.876
-2268.549
-2270.363
-2289.58
-2269.336
-2289.449
-2270.738
-2298.488
-2280.835
-2299.996
-2268.546
-2306.129
-2279.247
-2308.722
-2268.745
-2296.745
-2312.749
-2272.102
-2318.939
-2293.32
-2279.51
-2316.124
-2288.304
-2273.971
-2242.77
-2312.008
-2305.833
-2270.516
-2247.221
-2308.679
-2291.913
-2278.724
-2258.011
-2317.079
-2293.003
-2272.975
-2264.813-2322.927

-2299.117
-2274.64
-2258.589
-2310.879
-2306.782
-2276.797
-2254.454
-2317.412
-2299.006
-2276.445
-2312.732
-2253.991
-2297.371
-2264.898
-2309.473
-2249.599
-2301.184
-2272.641
-2304.499
-2259.796
-2301.007
-2264.272
-2304.235
-2275.847
-2290.842
-2280.916
-2316.529
-2255.081
-2288.913
-2279.571
-2313.558
-2266.094
-2291.634-2262.42

-2308.493-2258.858

-2263.422
-2299.136
-2264.172
-2309.249
-2303.504
-2270.998
-2260.513
-2306.426
-2313.441
-2269.907
-2276.928
-2324.162
-2297.51
-2267.838
-2323.925
-2269.341
-2284.415
-2306.744
-2317.619
-2252.604
-2275.123
-2305.305
-2317.072
-2267.979
-2277.163
-2303.754
-2309.491
-2276.519
-2257.125
-2301.761
-2323.715
-2266.41
-2304.327
-2318.049
-2262.578
-2290.024
-2307.755
-2259.17
-2290.425
-2282.575
-2302.072
-2258.887
-2279.853
-2304.188
-2248.417
-2268.514
-2307.893
-2260.043
-2266.756
-2294.745
-2325.135
-2265.796
-2261.853
-2287.29
-2322.833
-2276.665
-2288.486
-2292.482
-2316.777
-2259.944
-2267.962
-2299.853
-2319.603
-2261.936
-2278.718
-2298.087
-2244.731
-2268.466
-2319.546
-2254.752
-2272.049
-2301.419
-2272.114
-2260.729
-2310.339
-2290.415
-2271.562
-2312.459
-2290.315
-2279.031
-2314.64
-2285.121
-2293.064
-2311.777
-2308.061
-2245.024
-2276.845
-2324.83
-2294.611
-2249.518
-2265.404
-2309.993
-2292.654
-2245.385
-2260.073
-2321.207
-2270.382
-2304.305
-2315.458
-2255.051
-2290.676
-2316.556
-2244.016
-2293.179
-2309.772
-2306.485
-2261.25
-2311.527
-2261.665
-2319.815
-2256.051
-2303.908
-2263.56
-2314.567
-2293.455
-2259.701
-2311.302
-2305.588
-2257.644
-2314.861
-2313.501
-2256.554
-2325.296
-2317.06
-2261.672
-2309.414
-2266.739
-2254.612
-2307.924
-2256.929
-2320.572
-2314.53
-2319
-2312.642
-2304.039
-2296.986
-2314.85
-2311.662
-2316.279
-2317.369
-2301.571
-2322.766
-2313.387
-2307.338
-2310.331
-2313.967
-2316.158
-2313.973
-2311.025
-2315.679
-2323.424
-2321.421
-2314.675
-2313.767
-2309.297
-2311.067
-2318.949
-2328.319
-2320.016
-2316.427
-2318.283
-2321.52
-2322.9
-2312.091
-2338.854
-2329.143
-2320.393
-2307.194
-2325.924
-2306.449
-2316.157
-2312.309
-2307.002
-2321.363-2316.261

-2323.053
-2320.886
-2324.507
-2313.348
-2320.178
-2326.68
-2328.251
-2320.311
-2326.709
-2321.775
-2323.264
-2310.184
-2328.036
-2306.627
-2329.477
-2304.847
-2316.475
-2317.466
-2331.42
-2306.812
-2324.744
-2312.635
-2320.16
-2322.726
-2317.994
-2317.91
-2306.556
-2312.315
-2324.519
-2318.979
-2317.529
-2318.343
-2327.318
-2309.981
-2313.957
-2318.444
-2312.491
-2320.536
-2319.22
-2318.03
-2327.306
-2317.905
-2311.491
-2311.762
-2311.789
-2310.616
-2322.899
-2317.645
-2333.145
-2266.797
-2291.576
-2281.844
-2282.065
-2291.425
-2302.905
-2284.339
-2306.326
-2282.488
-2299.201-2279.22

-2298.068
-2289.163
-2284.724-2299.938

-2291.424
-2277.692
-2304.939
-2299.048
-2284.547
-2309.074
-2311.674
-2287.353
-2312.265
-2229.568
-2278.834
-2314.94
-2304.83
-2243.181
-2280.334
-2297.739
-2305.898
-2286.257
-2232.633
-2302.201
-2327.384
-2281.843
-2304.429
-2248.616
-2315.027
-2282.888
-2297.174
-2235.515
-2312.061
-2303.924
-2282.915
-2234.943
-2316.088
-2276.416
-2295.354
-2246.649
-2312.867
-2278.976
-2303.08
-2244.589
-2308.804
-2282.989
-2307.517
-2238.292
-2274.85
-2312.898
-2303.413
-2285.739-2245.429

-2310.432
-2306.172
-2280.745
-2250.157
-2308.452
-2307.885
-2281.504
-2244.631
-2293.506
-2312.181
-2276.759
-2292.987
-2245.151
-2324.727
-2278.931
-2285.275
-2255.142
-2283.722
-2329.088
-2293.772
-2253.627
-2276.405
-2320.118
-2303.965
-2282.799
-2237.582
-2300.912
-2331.425
-2278.217
-2239.096
-2311.491
-2314.754
-2278.189
-2246.983
-2305.09
-2314.475
-2279.015
-2307.811
-2259.412
-2291.971
-2319.875
-2300.777
-2270.092
-2329.284
-2302.974
-2268.117
-2320.893
-2296.751
-2238.323
-2330.341
-2284.343
-2302.332
-2250.172
-2294.558
-2321.153
-2280.843
-2260.826
-2310.113
-2271.984
-2241.808
-2309.748
-2279.888
-2304.002
-2234.14
-2308.429
-2296.66-2294.07

-2253.565
-2308.869
-2306.554
-2287.29
-2247.259
-2297.46
-2295.706
-2315.92
-2304.127-2284.715

-2252.601
-2282.456
-2308.485
-2247.429
-2292.886
-2302.398
-2250.135
-2286.431
-2299.584
-2331.867
-2281.808
-2297.874
-2318.718
-2275.316
-2310.404
-2326.613
-2239.029
-2286.345-2305.551

-2324.929
-2244.695
-2284.408
-2297.292
-2317.347
-2261.302
-2300.045
-2315.31
-2255.884
-2296.936
-2314.752
-2243.723
-2303.238
-2320.975
-2302.442
-2247.13
-2320.971
-2246.931
-2312.227
-2237.407
-2319.374
-2249.763
-2291.391
-2317.466
-2241.339
-2298.56
-2318.61
-2247.976
-2300.046
-2329.019
-2302.77
-2252.452
-2304.393
-2298.545
-2253.517
-2302.156
-2317.8
-2243.225
-2313.071
-2306.383
-2244.281
-2314.321
-2311.785
-2256.654
-2296.521
-2307.218
-2262.068
-2305.435
-2249.324
-2310.064
-2248.801
-2302.789
-2300.104
-2299.551
-2308.58
-2310.928
-2302.903
-2308.989
-2303.376
-2315.291
-2306.722
-2304.083
-2308.577
-2300.067
-2314.919
-2303.592
-2322.945
-2307.928
-2295.964
-2318.012
-2301.943
-2314.689
-2295.61
-2323.074
-2302.946
-2319.215
-2302.958
-2327.72
-2305.932
-2327.453
-2296.055
-2325.222
-2306.663
-2334.963
-2298.073
-2314
-2306.151
-2326.336
-2303.74
-2326.973
-2306.233
-2319.867
-2304.578
-2327.24
-2299.384
-2298.319
-2323.168
-2304.328
-2326.171
-2297.554
-2313.751
-2290.173
-2312.783
-2299.068
-2311.832
-2300.384
-2322.327
-2302.027
-2319.488
-2321.516
-2298.443
-2319.985
-2309.742
-2315.573
-2301.484
-2323.603
-2303.687
-2304.308
-2327.089
-2303.841
-2316.812
-2319.777
-2316.587
-2313.36
-2334.342
-2314.679
-2333.919
-2324.705
-2338.29
-2333.934
-2325.016
-2289.076
-2324.561
-2322.645
-2288.994
-2331.824
-2326.746
-2297.302
-2320.816
-2238.361
-2302.209
-2335.527
-2329.161
-2241.696
-2305.238
-2348.638
-2245.904
-2338.095
-2298.438
-2260.468
-2309.592
-2301.642
-2258.94
-2300.461
-2247.842
-2297.515
-2261.797
-2297.804
-2300.679
-2246.449
-2314.31
-2255.177
-2310.408
-2255.892
-2312.706
-2249.836
-2311.755
-2248.376
-2292.686
-2296.248
-2254.692
-2297.053
-2302.514
-2254.743
-2313.734
-2304.409
-2254.692
-2297.066
-2274.785
-2302.933
-2257.994
-2314.68
-2296.54
-2305.246
-2267.553
-2313.16
-2301.273
-2294.572
-2245.073
-2295.973
-2301.779
-2299.483
-2253.913
-2308.478
-2304.915
-2281.565
-2253.231
-2302.873
-2304.921
-2278.037
-2253.662
-2295.822
-2302.468
-2295.569
-2254.564
-2303.982
-2320.031
-2291.702
-2251.652
-2304.268
-2313.696
-2245.556
-2284.279
-2305.302
-2316.389
-2261.744
-2276.817
-2309.873
-2311.46
-2264.671
-2288.032
-2306.276
-2316.041
-2260.131
-2268.264
-2307.373
-2264.123
-2289.488
-2251.638
-2299.235
-2282.455
-2302.62
-2266.906
-2303.886
-2296.994
-2290.753
-2266.689
-2310.544
-2283.737
-2302.904
-2305.218
-2297.182
-2286.432
-2308.233
-2309.139
-2295.353
-2317.937
-2298.619
-2256.139
-2290.83
-2302.813
-2259.791
-2315.446
-2289.019
-2314.493
-2245.642
-2307.84
-2288.473
-2252.895
-2296.725
-2314.008
-2288.695
-2258.102
-2289.884
-2301.842
-2260.205
-2287.4
-2298.685
-2321.595
-2268.079
-2290.212
-2301.523
-2318.081
-2263.629
-2312.003
-2295.438
-2313.823
-2271.954
-2314.757
-2283.371
-2306.207
-2258.03
-2301.365
-2293.465
-2320.043
-2262.089
-2304.8
-2287.392
-2306.065
-2251.29
-2276.398
-2308.617
-2249.077
-2287.661
-2244.928
-2301.37
-2306.716
-2282.628
-2254.265
-2304.608
-2252.408
-2302.34
-2243.132
-2304.816
-2244.908
-2306.935
-2291.532
-2248.466
-2310.265
-2288.52
-2308.42
-2287.373
-2311.72
-2281.565-2269.427

-2308.969
-2276.277
-2312.918
-2315.716
-2279.872
-2293.037
-2304.505
-2301.792
-2274.444
-2309.08
-2310.662
-2283.166
-2306.479
-2309.85
-2290.493
-2313.492
-2307.666
-2279.482
-2310.747
-2279.484
-2299.628
-2315.62
-2292.395
-2301.055
-2305.155
-2302.516
-2291
-2311.061
-2317.862
-2297.734
-2300.88
-2311.602
-2288.037
-2298.769
-2301.337
-2284.757
-2313.851
-2286.638
-2316.185
-2278.174
-2303.745
-2283.461
-2314.072
-2314.326
-2314.726
-2314.942
-2252.108
-2308.286
-2277.072
-2307.436
-2292.451
-2303.531
-2273.347
-2311.324
-2276.227
-2309.366
-2269.382
-2310.168
-2287.087
-2320.034
-2285.313
-2304.74
-2289.62
-2313.339
-2260.79
-2318.363
-2276.639
-2297.725
-2271.39
-2276.302
-2301.751
-2293.845
-2311.071
-2285.262
-2305.633
-2286.666
-2306.01
-2289.389
-2301.731
-2284.224
-2299.945
-2285.061
-2312.385
-2276.715
-2300.449
-2279.906
-2317.034
-2286.222
-2302.729
-2301.181
-2284.795
-2314.982
-2279.904
-2314.104
-2280.539
-2310.594
-2293.657
-2303.043
-2287.858
-2314.4
-2285.222
-2303.933
-2313.001
-2288.331
-2307.849
-2288.018
-2278.042
-2295.838
-2291.41
-2285.753
-2275.035
-2277.689
-2286.491
-2282.115
-2284.523
-2280.508
-2284.34
-2283.683
-2290.519
-2289.12
-2278.458
-2283.373
-2287.918
-2282.803
-2282.456
-3436.254
-3416.961
-3423.565
-3427.789
-3428.749
-3441.176
-3432.804
-3433.728
-3429.426
-3432.507
-3431.825
-3424.794
-3435.046
-3424.767
-3436.557
-3426.133
-3434.396
-3432.082
-3423.796
-3435.337
-3431.062
-3412.658
-3417.381
-3420.278
-3419.611
-3416.789
-3432.128
-3432.273
-3435.831
-3442.446
-3442.938
-3438.648
-3432.542
-3446.123
-3434.911
-3440.485
-3430.205
-3446.109
-3435.162
-3432.644
-3436.254
-3416.961
-3423.565
-3427.789
-3428.749
-3441.176
-3432.804
-3433.728
-3429.426
-3432.507
-3431.825
-3424.794
-3435.046
-3424.767
-3436.557
-3426.133
-3434.396
-3432.082
-3423.796
-3435.337
-3431.062
-3412.658
-3417.381
-3420.278
-3419.611
-3416.789
-3432.128
-3432.273
-3435.831
-3442.446
-3442.938
-3438.648
-3432.542
-3446.123
-3434.911
-3440.485
-3430.205
-3446.109
-3435.162
-3432.644
