307.3617
291.3467
312.9732
302.7878
309.8279
294.0982
327.0346
306.5069
301.9584
304.1601
317.0357
299.017
313.5815
291.3359
307.5903
313.6546
306.265
320.4042
308.5066
307.7941
302.4583
298.7284
307.9903
295.7983
303.4102
304.769
323.7713
319.7003
307.5564
300.559
303.7314
311.0795
304.149
302.1832
312.876
311.3588
320.0773
307.2224
289.535
308.2895
321.6911
310.4287
308.6419
299.0787
324.5655
309.6794
304.5279
312.9103
305.5689
294.3769
299.4599
307.2453
312.0221
317.0089
321.7855
318.6799
309.8743
307.3157
305.1913
327.3951
311.7461
315.731
316.4427
310.5991
311.0498
302.1305
288.9147
323.5353
301.5928
301.1973
328.3033
309.096
311.6741
297.9088
297.1644
314.0435
303.159
301.5987
299.8177
312.4306
325.4393
303.4501
310.3795
309.4837
315.788
312.9425
315.9426
312.1639
301.745
322.3816
307.0983
308.1801
310.9788
306.0144
306.4948
309.1148
301.141
293.4062
303.6066
326.034
308.2211
315.7259
306.4448
313.1354
323.1662
311.176
297.1179
303.2168
325.445
306.7678
298.5608
301.3854
303.1114
303.8148
314.1934
301.3807
298.4045
304.1766
295.3353
299.5111
292.1816
300.7754
307.4212
309.8158
311.5818
307.6933
303.3109
312.2832
306.4542
324.2534
317.6399
302.3673
317.6514
321.1895
321.8652
308.6534
307.0004
298.1642
327.5601
317.0643
313.7236
308.5847
289.6542
312.2397
300.9045
298.1985
289.8487
309.4265
297.2997
319.9292
324.6295
321.9816
318.3565
336.3772
302.7372
328.543
314.926
302.3125
306.5605
311.553
302.7846
305.4405
307.0637
326.1707
306.8841
297.3563
320.3566
301.9324
313.6107
316.1745
303.7183
310.4698
301.6684
304.6841
301.1174
326.5059
306.071
294.6462
313.1303
308.2679
328.1252
305.3905
307.9336
316.844
301.1604
310.0832
305.4461
307.4096
301.1857
303.0027
307.8706
322.4433
307.8591
323.3379
319.1508
291.5194
300.1157
319.8848
318.9333
324.2624
299.2715
306.5118
318.8442
313.5591
325.5938
304.3434
311.656
313.2651
302.7588
315.0802
300.1732
308.0229
306.725
316.3053
305.9337
304.1147
307.1711
308.0856
323.5826
295.1714
299.6653
302.4939
320.3539
308.3871
305.9734
291.6788
326.2738
304.918
327.3423
312.6543
297.3183
302.5879
297.6895
317.1121
298.9956
320.6349
305.3522
310.2719
313.8016
300.0504
307.2227
317.8291
324.5721
294.6041
327.2434
320.2495
310.3868
320.8091
298.8697
309.4253
301.9224
308.2331
309.979
300.258
287.2106
304.0675
305.6181
311.8452
324.5385
315.7713
310.8476
303.7347
301.6967
306.9189
294.4755
298.1329
313.8332
307.4436
329.5325
301.6609
326.2123
314.1861
312.3339
306.9516
329.8981
302.7487
308.5921
298.0546
315.98
327.6014
320.2251
324.1031
298.0816
303.6682
297.6992
310.8359
312.9359
317.3535
308.9344
301.5912
302.8995
301.7545
304.1693
292.9179
313.9707
326.4097
309.3076
294.8746
302.8234
299.7961
298.2083
299.72
301.8141
316.9085
309.6144
305.3391
317.1426
298.2192
311.3211
316.3557
285.0763
302.6685
308.8466
307.1024
305.1411
305.4277
288.4442
294.6689
301.5779
316.097
309.0786
299.7762
310.8806
301.9536
314.2137
305.6541
312.0436
297.8789
298.8477
297.4193
303.9955
305.4639
301.1723
309.6469
293.9564
308.4133
314.7467
320.9793
315.4205
316.8401
321.4806
319.239
316.9461
306.1672
305.1166
298.5817
319.0917
314.1622
307.0799
306.6279
316.1973
292.6891
303.0197
310.9082
293.0718
324.6951
301.9256
318.3701
310.654
318.8627
316.7271
327.2032
326.7678
316.2661
313.4334
299.9295
311.8399
302.5594
306.8401
298.4243
322.5019
300.7356
303.8995
307.5707
308.0756
304.1054
304.5259
317.0137
309.1524
317.8949
313.387
298.536
315.3154
291.3514
296.1702
290.3349
309.363
315.5266
325.402
319.4743
300.8371
309.3145
294.7203
300.411
311.6044
315.4869
308.8599
302.8622
320.1068
301.4472
297.6278
303.7913
312.7801
295.1556
308.9591
316.5416
317.4909
298.5876
322.2564
310.5961
299.9741
311.3776
312.3991
316.6598
316.8547
316.0097
311.3331
296.9327
310.1627
307.9791
311.241
309.2019
298.2736
310.1628
321.4538
305.7487
308.926
310.766
315.2205
305.3344
292.0113
293.6207
304.5038
320.3941
317.9829
320.3515
315.2275
313.0109
299.2469
298.6253
301.2277
302.0294
299.2774
305.2222
304.318
317.4653
312.5014
303.611
305.8221
299.9592
295.2712
310.0878
308.0525
323.0641
292.9931
295.7555
314.8908
311.2467
295.654
289.9428
307.0461
320.6996
322.6929
321.587
306.9851
306.7771
307.7248
299.5831
296.1239
317.73
313.2389
297.6393
312.2576
308.476
308.6733
301.1407
307.757
298.6434
303.9863
295.5149
305.594
306.6616
307.4019
303.5301
301.0106
313.6398
303.8284
306.7211
295.8082
316.3301
307.327
304.9696
314.4135
298.9779
313.1368
303.7401
308.5313
296.5859
310.348
320.8505
286.7045
307.096
313.3151
299.6831
288.7549
299.7471
303.0644
309.646
290.3285
309.5755
314.2982
312.6785
309.4551
302.1895
298.8027
307.3691
310.0701
300.9846
293.8604
310.2199
296.2962
302.6582
302.8442
305.609
307.6278
306.4724
308.3789
311.5497
306.1013
316.3153
322.3769
319.1119
301.5619
312.0248
303.3663
321.9542
310.3548
291.9828
303.3125
304.2052
309.937
315.8475
309.5778
321.5916
294.5676
314.1901
300.587
292.0024
316.2743
305.7537
304.3707
317.8533
323.255
289.574
294.2377
324.8612
310.8089
311.5961
311.3221
315.4718
317.8872
309.2587
300.8659
282.3665
314.5932
283.3408
303.4078
312.0996
307.4751
326.5218
321.3728
326.7049
313.8154
320.0921
311.2859
300.0534
325.6593
325.104
291.4107
310.4004
321.5058
325.7697
308.9216
315.8726
314.1263
319.7785
292.6956
319.4974
310.9019
307.1336
313.9255
298.983
324.6359
298.517
312.2257
311.0454
305.6107
297.8827
289.1775
300.1143
337.2995
301.9381
302.8806
321.9238
302.3759
312.4724
291.7494
315.6985
301.792
298.5639
296.0939
318.5188
311.2177
314.6886
305.2386
298.7765
310.5723
302.1998
318.8961
301.2072
308.7692
305.0083
301.0662
324.9686
313.3853
312.8941
307.9347
291.4137
321.9435
317.8272
309.5429
299.2615
316.23
306.6746
299.7838
299.6776
304.1172
312.1473
312.4873
307.2401
298.7023
306.4556
321.0865
312.4307
291.5151
281.5898
312.0703
296.0671
308.9975
315.5645
301.1375
324.7228
299.9952
326.9375
323.0377
300.4752
304.4722
316.4907
323.4067
308.1874
312.5653
304.6512
315.385
316.5788
317.5178
313.7976
302.4042
315.257
292.3508
311.371
292.0575
323.536
301.4346
307.7114
321.1936
298.0049
309.8899
307.701
301.7759
311.3917
319.726
316.8989
309.5358
316.728
313.6179
298.0257
311.8704
307.5831
317.5
321.841
327.2886
299.4852
312.182
323.8335
313.1782
313.2188
314.5869
299.2151
305.2315
313.9759
297.0689
319.4256
323.9331
322.5885
294.4277
286.4498
305.4637
316.1476
291.427
309.0278
322.1767
326.8679
309.8345
291.7601
296.7046
326.2122
302.0499
317.7348
308.157
307.8591
310.5103
311.1537
305.2876
309.6256
322.0033
291.5421
309.5273
308.9246
298.0005
316.3965
308.7665
299.3028
311.4947
294.2281
302.3652
317.0567
302.8912
300.4772
296.7756
319.2802
310.9637
299.4494
297.8033
295.3779
315.1541
304.5071
302.23
306.1409
314.2521
311.3603
304.4345
311.1575
311.4286
292.7316
325.4274
310.8098
295.0263
299.4919
326.2022
304.1519
327.8892
301.4389
314.1841
306.7934
311.3449
301.3712
304.677
298.6776
301.176
297.9789
302.3063
312.1875
312.4007
312.6102
303.9605
301.5352
301.3783
296.6224
297.1123
309.7594
289.2714
291.6556
297.0085
294.7626
309.555
294.0252
305.037
319.937
318.7241
310.9197
325.8757
326.1059
317.7657
292.9304
310.2973
321.905
305.2703
313.9229
301.9697
325.1491
302.6299
326.2753
308.8671
327.7884
295.4252
293.4685
325.0002
301.9667
297.1989
294.516
314.9985
287.4817
294.4586
315.1677
318.1742
320.0115
322.1865
313.8011
314.6207
312.1862
305.1976
313.1225
323.5846
311.9956
304.8246
311.3099
317.8733
293.1379
297.2218
304.1413
295.9912
316.4832
303.259
302.0903
328.6596
300.5196
328.8084
312.8269
298.5982
287.085
307.4817
305.5297
300.5999
317.6215
294.8164
310.4039
299.4948
321.8116
309.9455
307.0358
297.8632
300.5066
318.8037
310.0183
297.369
309.9134
291.3509
302.5599
320.5996
311.6019
297.0623
307.3512
303.3735
316.6616
310.2505
284.0227
311.3806
313.5051
303.0662
297.1473
298.0262
319.1155
316.0701
312.5991
294.7468
316.1661
301.1688
316.8509
302.9559
308.8415
314.2341
309.7432
307.6957
289.0261
306.3323
311.0495
322.8565
312.4344
322.8905
303.6931
296.4807
304.8918
318.3208
315.1125
292.0387
322.074
330.5833
309.2846
319.3264
292.9491
327.5533
306.8184
316.902
314.2768
312.7546
301.5377
290.3585
287.0743
312.6351
318.9756
316.3309
324.1524
311.3925
300.0009
300.7341
312.9857
318.7302
302.3228
295.5272
309.9233
294.2784
312.4306
322.8202
315.6732
323.6294
310.9009
317.3528
307.8807
297.7664
307.861
304.8798
316.6066
293.9411
295.5305
307.4152
300.6918
313.8155
303.6441
304.7126
310.0982
304.1739
321.196
319.0468
310.1501
291.999
305.7936
307.6595
304.4152
326.6154
297.1806
307.8813
306.3621
300.8772
298.0159
292.2585
315.1199
307.0098
314.3755
294.6388
313.8921
292.0366
307.1944
318.7314
322.0988
298.163
317.0255
294.9146
306.3574
292.6826
310.9088
290.6076
307.5313
306.7597
322.319
300.1031
307.3893
306.5612
316.9116
310.7845
306.1744
331.68
305.9238
313.0124
299.0515
321.8228
314.0343
321.4247
316.8436
313.9281
299.2642
302.8757
313.3866
310.657
294.9907
294.3755
293.6779
301.5628
311.9473
305.5471
318.6793
307.2315
318.109
309.228
297.2985
319.7466
302.3225
313.7034
327.7149
317.0408
316.484
297.2565
323.7355
312.6007
300.2563
309.6277
306.7641
315.9085
306.3454
301.5006
308.7518
311.017
289.945
297.8091
304.4844
302.8502
287.7746
307.0226
334.3167
305.7351
301.5859
308.8461
302.9822
289.244
310.9254
298.4121
307.9468
297.0125
319.9629
311.8941
311.2624
291.7895
308.8647
302.7438
315.9834
303.8156
310.0297
289.7087
303.6305
308.9301
311.026
308.5239
308.0922
307.3977
309.2151
313.3521
307.5172
311.7854
310.6797
307.1595
313.4244
306.5513
307.2097
323.1619
315.971
294.4543
304.6853
295.9683
338.4159
308.739
304.7298
311.3874
322.33
309.7187
302.196
312.5315
317.5915
311.1105
307.4125
331.4997
316.6234
303.0726
306.1208
303.1808
317.8574
306.1324
290.0887
319.1157
328.4895
298.7128
311.5743
324.5627
320.4048
301.5997
301.0077
303.4194
303.2759
325.5242
303.8051
308.9244
291.6325
307.1541
304.8371
307.7812
313.2788
293.6926
303.8228
309.9108
295.8895
315.2804
330.7973
286.3914
304.8274
286.349
307.5801
292.9175
294.3766
301.7046
313.4526
313.4136
303.7869
304.4291
313.701
304.5174
312.9054
302.3989
311.0948
330.2871
300.9865
300.9377
303.964
308.0748
310.2372
314.3366
318.3541
305.0851
293.1071
323.3021
299.683
310.0969
319.6317
317.658
297.4677
319.3324
312.7343
306.9399
308.0552
317.4582
305.873
298.3191
313.7022
327.0106
307.8813
320.0452
327.5881
298.5272
306.4338
313.7394
310.2087
314.7832
317.0795
320.3959
298.8771
313.6617
305.0134
303.8875
304.7817
315.5974
303.9277
304.9205
316.1467
301.7158
323.1349
319.2456
317.8765
303.0179
309.2467
306.6484
316.0154
312.0555
306.3431
303.4844
323.9496
300.611
308.7391
294.4599
317.4196
289.05
306.2857
309.1109
307.3998
321.6088
295.5309
304.2837
298.467
313.9376
301.1512
312.1909
300.0912
306.5944
302.2303
315.0187
307.4692
311.8966
308.3074
310.1465
319.4794
286.9737
315.533
307.3224
329.1514
293.2382
283.0319
306.0833
297.6498
310.4915
305.8028
326.6585
298.8692
309.1183
314.7698
316.8829
312.3644
309.6116
312.8334
314.842
322.9249
305.631
299.3596
297.2295
327.4738
308.5325
294.9396
294.4731
318.2804
298.28
297.688
315.0187
304.0801
290.5938
301.2054
315.247
293.6135
327.6154
300.1237
317.8943
313.5146
305.8861
323.4292
307.2378
296.0274
320.0242
307.5988
311.2744
317.7213
311.4704
304.5095
299.9341
297.8204
300.0685
310.2568
307.0033
310.4593
318.6649
309.7054
317.7369
310.5668
316.6282
309.5958
328.5276
305.9379
302.3393
310.3879
301.7801
300.4324
304.1961
304.6922
303.8589
309.0752
297.4413
320.061
300.3938
330.0433
302.7997
319.7298
312.9767
293.3625
313.8473
309.9045
304.1149
314.2224
330.3771
302.5727
320.5572
310.2711
319.0393
296.2212
304.3317
310.3331
318.0859
309.6269
320.5519
309.5858
313.4363
317.642
310.4291
307.0375
303.2015
290.3994
292.1799
307.9549
311.0804
302.3452
304.3174
315.2661
299.1267
324.9613
319.9638
314.5558
303.2684
287.003
318.804
293.4173
329.4733
296.1321
307.2154
305.5607
306.1051
307.0861
313.2131
303.2144
325.0599
305.1536
316.7101
301.2297
309.7748
301.7177
311.0498
300.4236
302.2059
299.5186
303.8231
304.9743
312.8045
315.1964
302.3786
305.7857
310.9825
325.8831
312.4073
298.1168
317.6883
305.7094
302.7934
319.6437
309.8825
297.012
306.9063
317.2948
312.8948
296.6988
317.235
308.6807
320.1196
324.4
330.2484
310.8957
315.6339
303.2482
313.6896
312.9338
300.5438
314.0834
306.9473
292.4215
309.268
309.0781
317.4136
323.6171
304.8264
330.2736
301.832
323.9438
327.5935
306.5603
320.6447
318.7491
326.9045
316.4063
322.3669
314.8245
297.8967
316.0339
307.2605
318.9455
321.0572
311.7916
322.9805
335.3957
301.6539
300.3075
321.5249
314.3396
316.1064
287.368
317.1765
309.4268
283.508
296.0577
315.9545
303.4105
309.5932
314.6622
316.4787
320.5982
314.0608
308.8995
334.0266
311.0176
305.1802
303.657
284.226
321.5542
295.4717
304.7102
312.1072
313.6145
299.2204
314.191
301.2432
304.0649
306.1766
307.2769
313.5341
305.5171
310.7255
314.2722
305.3677
326.2906
306.5547
319.9158
315.1384
303.6264
317.5085
298.3496
317.7691
301.6979
293.6002
315.2465
330.1627
319.5793
325.2665
314.0617
313.8909
316.0196
314.4439
303.1696
317.4226
308.5616
300.0458
303.266
296.4853
312.4027
303.0291
302.6781
313.384
315.0529
309.8421
306.3995
294.7264
309.0361
300.5288
302.432
298.7823
309.347
301.5424
312.5441
318.4104
305.8344
312.683
314.1622
324.5415
307.9674
310.827
299.2834
293.5674
303.1532
303.5734
314.039
308.3539
312.1897
306.4981
319.9353
303.0476
301.4899
295.7678
307.4645
296.5532
324.5589
320.8388
299.2484
293.7304
310.1308
295.861
296.2462
325.1094
316.5359
312.133
314.8579
319.4567
315.065
329.4674
317.4773
307.5612
304.9371
320.1314
318.8349
296.6972
296.1353
315.6753
297.6514
301.4222
301.8887
311.1027
331.3837
298.8367
328.4589
293.4592
307.9054
314.5847
313.5658
320.2928
293.9646
304.4843
308.9216
298.2943
322.3354
317.3931
312.2002
308.5976
311.076
317.6193
303.37
305.4334
306.1128
315.8893
296.715
301.7752
298.1957
306.4315
300.5785
299.2143
310.9689
311.471
291.7973
307.1935
307.4358
294.1409
282.3212
304.9259
329.6502
305.0889
298.5647
283.3596
323.2861
304.5566
298.1783
316.5319
289.6133
303.7091
313.9363
305.945
295.8463
321.7867
303.6755
307.8879
301.1464
306.7989
325.7388
317.1506
294.9483
299.5822
296.613
299.9762
306.95
305.3592
310.4186
304.2229
306.2377
320.6887
311.9331
306.8814
299.3275
303.334
300.2296
292.3301
306.797
301.6954
313.705
304.9792
296.5473
308.3906
299.1035
278.6919
309.9259
326.0083
317.7565
296.4318
299.1033
300.3608
296.9063
307.0912
317.9058
322.8306
306.7038
303.0495
305.9549
311.3852
297.9875
303.8796
304.8913
309.4146
326.7804
308.961
310.0665
318.5569
304.463
301.19
281.5355
305.6923
318.9636
305.0294
274.0429
312.0767
316.3173
286.962
315.1157
321.9967
308.9559
311.4602
300.5698
328.4373
298.5101
302.852
312.1417
315.5427
306.3849
311.7713
316.5701
316.7545
319.0625
317.2077
305.2296
306.1173
296.5675
298.7064
316.036
310.7874
311.518
299.538
319.5123
308.7961
296.4006
308.7243
317.1968
317.3742
304.3315
310.7957
306.0284
316.1041
303.1034
287.3084
308.9614
311.9541
322.9859
319.6588
309.1542
309.453
291.2704
324.8722
289.3055
300.877
312.3905
295.0838
289.2492
317.086
307.4565
302.1826
304.8741
313.9313
298.8861
291.5506
317.4577
305.3018
323.6067
329.1141
303.9409
306.9675
305.6095
296.6932
293.8638
299.8945
315.3089
310.9303
313.7447
314.3468
321.559
312.4928
300.722
301.4456
299.4699
309.5507
303.7543
306.7524
308.8856
320.9364
315.5868
323.2461
308.3812
317.9724
300.2824
303.0926
303.7795
294.0256
310.6144
329.1709
322.5763
313.8199
322.6775
302.7209
308.2347
313.2003
309.8298
305.4891
310.5733
317.5858
320.0612
316.7783
309.0789
299.0438
319.2234
315.4073
325.4196
313.8671
317.291
300.4928
313.9183
329.0975
289.0234
323.2417
286.291
298.7883
314.6113
298.3816
315.6571
294.5795
301.7858
311.3827
320.1478
309.2896
328.6764
314.3065
293.8242
314.7474
304.2007
308.1809
308.6041
309.2302
323.5778
300.4485
307.0587
314.646
304.8928
315.1968
300.7904
313.8808
305.0444
316.8941
317.7345
303.2479
312.5048
310.6916
281.169
312.5602
316.9603
321.9745
307.8623
322.6903
284.1085
318.9886
307.5085
280.9586
310.6241
290.6025
322.2969
304.2188
312.7058
310.5389
298.8306
313.4392
297.588
308.9204
300.4728
298.0039
305.0062
300.4992
306.7708
307.2081
319.4075
325.5309
300.3028
301.8491
304.2511
315.6627
280.5052
300.232
300.5585
309.8534
317.7878
307.5527
301.1729
337.4961
315.5685
317.8106
298.1832
293.5531
316.3607
308.1714
319.4208
298.8093
311.0254
307.4554
305.3698
311.9426
308.1202
303.8623
295.3991
310.9435
326.9114
311.2555
325.816
303.4346
313.1058
304.1879
309.7901
306.7721
296.2909
323.1465
314.4939
317.7492
298.9303
315.1143
302.2845
317.0014
320.4562
306.3662
302.8434
315.8971
304.863
303.6672
286.115
298.8853
299.8999
310.3
330.6139
308.919
326.6499
317.6466
318.7397
321.0991
316.4185
311.4346
304.4254
289.7545
307.4519
340.0707
301.5787
312.4818
288.1834
320.4288
321.0587
293.0607
313.0681
308.0769
299.4202
307.798
313.0345
303.3117
309.8337
301.7621
301.2975
316.1807
291.9529
317.9356
323.647
328.0469
295.2992
308.0879
316.0514
305.8145
307.0096
308.4167
308.2007
308.6348
306.6693
317.7516
310.7616
301.6009
308.3211
321.0808
284.0675
306.307
300.0066
321.6353
318.5508
309.8648
320.3148
324.2066
297.9998
306.4472
314.8216
307.7053
315.5597
317.3353
303.2654
290.1076
320.8767
298.3501
329.1891
317.0303
319.0538
311.1139
307.2722
309.1329
317.3175
323.1035
308.7374
311.2446
322.5435
303.54
296.0389
299.6292
325.3621
310.8089
306.5235
319.4069
303.5261
310.0761
320.1416
303.6214
300.1545
311.5251
320.3734
305.6668
326.7739
309.7716
316.2496
311.4942
317.4529
308.0471
315.9204
294.5142
323.5836
308.6622
298.7191
327.5979
307.0512
307.0611
296.0074
309.923
319.0836
315.9333
300.382
299.8739
312.1681
329.697
308.5238
309.0426
297.7779
321.3183
314.3719
312.1207
305.1431
313.8331
314.1765
305.7054
301.9839
318.404
300.2102
318.2018
298.4206
328.9479
299.3536
314.9048
318.7398
317.035
304.8371
304.6118
313.3672
301.8892
310.2462
308.0272
334.7554
308.5593
289.1011
319.1016
316.1728
323.2402
321.9179
299.6695
312.3273
332.8884
340.2863
311.9943
301.855
316.1213
318.1077
301.6966
310.4764
307.4305
312.8189
307.2497
326.814
308.1604
318.2044
292.094
314.6201
304.331
324.7511
316.7551
308.6247
305.4991
318.5036
311.5075
334.7715
310.1322
299.3426
305.3089
300.4761
308.5859
287.2506
304.5121
313.6556
315.7999
305.3235
307.3314
296.559
313.9318
307.7966
299.8985
295.9789
308.2625
306.6352
289.2459
312.7651
300.2264
300.8564
309.7867
316.977
313.1667
287.4991
314.784
308.2131
308.833
296.9414
322.4855
286.8245
316.6237
309.9956
297.1438
315.5794
306.0005
314.5354
318.59
307.3688
321.8321
313.9837
311.1197
319.1798
294.7522
309.0395
308.4946
324.7946
334.7894
305.4824
309.3418
305.1251
308.5749
322.837
313.9915
308.3123
307.9763
328.3629
309.2456
316.2094
311.9428
304.8548
329.2917
315.9874
305.7813
313.8194
308.4929
289.1173
328.8772
307.6811
297.3798
310.319
305.2922
308.053
292.9069
315.8975
307.2071
295.8375
293.6508
309.1099
321.6464
324.3114
304.0583
315.4259
313.854
295.804
310.5617
321.3426
313.859
296.5343
303.3751
309.3062
311.4695
308.0738
295.7295
329.7733
312.7766
302.6751
303.4412
325.3462
310.6165
324.1032
303.0381
305.2241
296.6762
311.6871
291.8662
295.4016
305.5222
310.3165
300.886
315.6335
309.6055
316.0809
314.7652
321.8521
310.8834
304.9324
310.0483
309.44
297.8615
296.13
297.981
318.0333
324.1076
309.6584
312.3776
299.3085
307.2751
314.1131
305.3268
310.304
322.7053
312.8093
297.2327
317.4606
316.1855
317.2052
313.3692
312.0978
305.9828
301.3639
318.543
308.7166
300.7523
304.6159
319.7008
302.643
315.6107
321.0268
317.4344
296.6262
322.6775
312.4439
317.6744
306.4862
296.9588
328.1723
311.8223
308.3597
311.0124
322.2048
316.4306
305.9421
305.0011
291.3032
314.1136
312.3101
301.0264
303.2365
294.5329
327.7945
293.3641
305.9237
310.4355
317.2131
313.26
315.8255
315.3692
323.6038
306.3978
315.5784
298.5122
304.6046
315.5301
306.8024
300.5164
325.3701
322.7172
301.1384
303.898
314.8631
313.4255
291.997
309.9414
302.5688
308.1585
311.2987
298.6186
321.0506
296.8673
304.0802
315.0012
288.496
313.6005
314.0651
297.5784
300.0443
308.0532
319.7353
306.3734
326.0396
328.6641
312.8122
306.1784
309.6829
309.6272
330.9222
297.1481
308.263
313.294
314.24
317.4704
308.6829
318.3236
297.5851
318.188
298.1856
298.532
303.0508
314.1099
311.5719
324.3615
311.6308
304.3446
304.7943
314.7704
302.2194
308.1336
298.1263
300.5991
302.858
322.4193
308.9316
319.1088
309.0519
313.5113
321.5297
309.0476
310.4046
312.3457
323.243
302.6955
315.5179
286.921
304.3947
316.4784
285.6902
320.5952
322.5298
311.1571
317.2793
304.6377
317.7999
301.8819
299.8019
321.644
315.2395
303.2683
300.8495
294.9039
329.2052
306.0763
305.0995
334.9547
318.8578
305.382
304.7908
316.0686
289.063
319.4317
296.1871
304.548
293.0365
310.7668
302.2953
309.5547
310.9862
305.7505
301.4848
310.6394
309.0209
323.1443
296.0006
312.5652
330.4794
307.1845
300.8206
315.3898
297.0153
282.0836
315.5847
328.4863
314.876
321.7817
317.6786
318.383
306.7047
303.099
299.5058
327.0676
310.2417
311.8114
310.2083
299.7902
304.9688
318.6845
313.8168
312.6921
312.113
296.3707
307.4165
305.918
297.8946
292.9689
308.5714
299.2276
302.5081
314.0033
316.9006
296.3962
299.9822
312.3336
309.8083
327.722
311.4807
306.3555
290.8732
285.9913
336.8374
317.4367
305.4979
300.6902
288.6929
311.4283
308.0401
322.1562
299.742
319.9796
295.4901
303.6804
318.8378
294.9877
309.4898
331.57
291.5642
310.2782
310.782
325.8587
312.5113
308.7848
314.389
298.2712
302.4124
320.8333
315.2845
309.0511
298.5692
314.2477
302.4989
310.2167
302.2753
325.9145
296.4218
306.2903
309.0017
320.0163
316.2128
301.285
305.7878
304.2895
292.4378
320.9165
312.298
311.1873
301.753
309.2629
311.4105
310.0852
314.681
309.4294
305.6301
278.9379
307.3722
310.698
310.8169
299.9041
316.4429
316.7913
317.3437
305.5116
317.9814
312.9734
304.2429
307.6457
317.3739
313.9686
298.265
311.6354
316.7297
317.3723
305.7314
303.7084
311.1915
303.0834
305.3654
322.0697
329.3226
308.1261
312.9491
319.0555
324.9657
300.1222
301.837
315.0632
320.3651
295.7416
307.9485
307.5588
314.5863
307.0177
290.2087
300.4807
306.8774
303.4661
304.7459
327.6129
298.8834
294.2731
313.6264
310.95
305.8095
311.8127
301.0776
305.4196
313.2509
318.5518
299.678
313.5713
312.5722
299.675
292.1767
310.8733
311.846
306.3879
312.7026
305.7233
312.4341
307.6223
306.8409
304.8187
305.5517
307.2663
310.8141
304.5115
304.3231
315.9123
300.2353
310.0507
322.029
314.0344
307.4996
308.4506
285.7482
306.7308
307.8592
300.9409
298.7918
312.5339
306.5768
305.4214
319.1058
316.4714
313.2653
307.8294
297.3397
289.1383
301.2868
301.8132
294.1497
304.3768
297.1827
292.8955
308.8221
304.9697
314.3089
309.78
314.0864
307.239
285.7848
319.0207
313.0479
319.3415
311.9598
301.7428
306.0079
324.6506
326.8217
291.5646
308.2465
320.7049
318.5903
307.9662
319.4579
305.9406
321.2894
300.9017
309.0066
314.3531
290.0415
319.1931
296.1511
307.5517
312.0212
311.6107
293.8053
299.6708
321.1967
311.7323
330.6221
307.8798
314.8339
308.1993
326.8451
309.7118
309.7727
303.0972
304.068
323.5916
311.3989
305.5985
304.2567
316.4755
330.0303
311.7768
312.4851
309.1495
312.4857
304.7813
313.4743
309.2513
316.6915
307.6115
305.3147
299.3723
318.7184
302.1257
328.2048
298.0348
296.3362
310.3407
319.9024
315.4363
308.352
299.9806
307.9629
292.5158
282.3023
297.6771
316.1096
290.6194
314.3945
298.9639
300.6742
308.1947
301.0406
304.262
295.5153
320.5109
305.0295
297.8491
320.6134
306.971
320.0717
319.7118
292.1996
310.0029
302.0518
315.4018
297.8663
313.9244
295.7301
320.7646
306.9087
314.4975
314.1888
326.1105
295.6837
297.4337
298.0437
301.3023
314.235
313.5564
313.9055
300.9048
301.9532
299.3111
294.1722
316.6141
308.011
305.4525
300.1243
326.4816
314.9252
307.6126
297.6522
310.5609
325.5907
311.9576
300.7542
320.7301
297.8887
315.6773
311.7094
314.2355
315.3769
319.2989
288.3672
304.1763
307.2584
300.9702
316.5928
314.7651
295.8114
311.7717
310.4644
306.3435
296.316
306.7465
313.2477
317.6833
299.9863
300.0806
294.7355
304.7605
303.7946
319.9275
306.5832
300.4301
312.1497
298.5636
303.9605
314.8814
308.1351
308.9013
306.0224
302.9486
315.9483
316.8203
311.4457
290.5814
306.6921
296.4665
310.4115
316.4021
315.9617
313.6264
294.2379
313.0836
310.9307
306.3085
301.6028
305.1811
298.8383
310.3431
285.2266
311.72
311.2433
309.3952
293.7434
316.6668
301.1699
323.4579
304.8094
298.1351
310.8154
315.3804
319.4704
305.4272
311.6702
308.4301
331.8038
315.2953
278.034
299.672
316.1419
311.0262
304.2202
317.75
295.161
314.3844
316.6197
310.0371
287.1055
299.4079
302.0381
312.6774
293.7013
296.0456
312.5958
311.9832
308.3926
292.7943
308.1382
301.2478
304.6076
295.6316
326.0844
311.54
304.4934
310.989
310.7277
289.9908
306.0444
309.7315
311.3813
314.1593
302.5053
306.3783
310.3798
301.1853
312.1181
320.6828
312.4088
311.5523
303.6866
314.542
306.7309
286.829
311.8769
300.7921
321.8784
310.8381
326.1957
315.2807
312.0568
313.5204
314.2703
299.3051
301.4319
316.4263
316.7048
307.2603
309.7034
308.2848
292.7398
311.8346
322.7896
300.6134
299.7162
317.3647
297.3393
320.2267
299.8656
314.5403
291.2506
296.4471
304.5474
318.7461
304.0797
318.6877
310.5533
301.4553
304.95
306.7898
306.744
316.3846
312.6873
290.3173
310.7401
329.0675
316.9538
298.621
308.3602
318.8707
311.7997
314.4861
315.3871
334.6855
309.9306
315.0152
312.425
283.6028
306.1703
308.1254
304.3578
290.5072
322.6914
307.7775
305.7191
304.414
292.0853
309.2137
308.3921
327.3305
297.6692
323.1355
309.1623
299.7688
293.9678
314.5805
296.8978
312.6746
306.9832
307.6825
309.1584
291.2887
313.5517
311.734
310.3028
322.9177
295.3957
316.861
304.4313
305.9673
300.9611
316.0854
315.6628
327.4464
330.7807
297.1081
313.4312
315.2883
313.9037
313.7424
317.8923
320.8067
296.8415
323.3474
302.7426
316.4024
312.3614
316.9118
322.1164
299.4138
296.1123
306.0489
287.4569
297.4316
305.0836
317.5147
294.9106
313.7009
307.7288
304.3714
312.1376
322.7406
302.2584
299.4414
305.7235
300.6832
301.3753
322.468
321.692
304.7677
312.9191
312.8032
313.6168
312.4336
313.5363
309.8327
304.3324
312.4876
302.6732
309.7968
321.9588
304.4132
316.9838
314.0036
318.1462
309.7822
304.7822
300.8967
294.2449
309.1997
306.435
311.7922
314.4165
292.6898
304.8787
330.3921
326.5838
320.1862
307.7214
302.9971
303.063
323.8808
313.3295
317.934
302.8995
306.3513
282.8813
289.9729
306.0979
305.6731
287.5596
314.5537
319.5481
308.377
324.4711
310.1311
306.0603
299.6882
307.9482
316.9074
300.9329
291.6894
320.0991
287.0173
310.1666
288.6153
312.0806
327.8873
287.695
321.4686
316.4688
291.309
310.3588
304.8042
294.3914
312.3421
304.5234
303.6815
308.2041
301.7592
320.1383
313.5592
300.1028
302.9493
310.4256
298.2123
318.2215
310.897
327.7128
305.5837
314.5062
326.9912
316.9385
307.3455
311.2825
314.2157
309.6415
306.1511
303.9589
314.2511
299.7026
305.7294
309.2381
306.0454
306.247
312.4117
307.7798
306.1013
306.1181
320.2337
307.4005
313.4868
297.1754
299.825
320.973
330.944
313.1764
295.267
312.8214
306.1265
309.5918
309.3536
329.6312
298.8312
294.7069
302.3399
320.7906
288.2085
307.0601
319.4339
317.1259
321.5876
323.7946
314.8639
312.8814
315.8259
307.3009
321.2775
317.6451
306.0933
301.3443
310.3818
307.8877
285.8112
302.8267
314.0045
297.0992
303.9285
292.1971
323.5157
313.8587
325.8278
316.7281
331.2661
317.7227
294.9673
308.014
292.1234
323.7524
289.2225
313.009
298.3687
292.5419
310.6204
324.7314
311.9576
298.4754
299.8656
321.1435
305.8551
315.7873
295.1346
322.024
310.921
311.0414
322.1598
317.5852
303.6111
326.7779
309.3074
316.583
306.3962
315.4695
315.9692
335.8772
301.6378
307.9939
299.8604
303.5308
307.128
311.6349
313.4839
300.8608
309.585
318.3442
324.4423
314.5362
316.7681
321.7114
299.7233
327.5713
311.8386
307.0979
296.8796
300.5843
321.2244
300.8888
319.4911
323.3603
305.5388
315.9009
294.1336
312.6942
307.301
314.1821
305.3816
316.6348
288.3202
292.0002
308.1031
311.2192
321.0458
316.0664
293.6751
303.6657
319.5559
310.0695
311.6248
293.8127
293.4289
289.8261
321.6339
312.8893
318.6983
315.7765
302.0823
303.1795
295.2775
299.7107
322.2461
275.6735
317.2798
330.9092
294.0931
315.1789
306.4704
324.2878
312.3256
315.1643
305.7938
317.9162
311.8912
309.1114
275.7704
310.4086
303.0941
302.1132
312.4035
307.1844
318.2595
314.6097
302.3392
306.6835
327.9938
297.6269
314.3351
317.0478
312.7158
308.9084
305.7562
307.0897
305.9951
311.262
314.4379
320.8196
311.4556
309.4515
303.8275
320.9573
299.1722
297.0097
311.2997
310.0572
302.1431
303.1982
313.9858
303.8283
297.9536
305.1123
322.5979
326.3302
318.278
306.8385
319.3521
317.3955
316.5329
320.8995
306.8149
303.8023
299.7562
295.5354
321.4063
319.1921
312.7784
323.7345
308.9739
306.8495
302.4242
297.2813
309.118
298.5725
300.5885
313.6651
305.744
313.8095
300.7176
325.3188
319.1435
301.4372
306.7562
310.0828
315.1159
315.5011
315.8938
298.5394
304.2945
309.8074
312.5424
298.2866
308.5294
305.2055
318.8574
311.7772
304.231
311.339
316.0464
325.8238
305.7293
302.6858
318.3655
306.4035
314.4056
304.4631
313.4646
316.2261
306.0825
305.23
307.7843
306.5888
298.5377
313.6311
305.2363
312.5625
313.8781
305.9223
316.794
307.2873
323.5871
301.8124
309.4625
318.8855
323.9727
304.467
288.8395
312.414
304.8561
312.6499
305.5983
325.5465
320.4055
313.2099
303.6631
299.753
301.4745
304.7435
307.0622
323.749
299.9639
309.3964
297.7422
311.008
296.2715
294.0101
312.8162
290.2376
309.4446
308.441
310.1751
306.4339
313.2363
311.1421
329.4434
288.7299
315.5339
317.3308
290.5638
306.6829
323.4086
306.9301
312.2941
302.2801
312.3196
307.1841
310.1499
299.3333
315.3337
312.6758
312.667
293.5988
300.7363
306.1547
315.8302
327.7011
303.8085
302.4789
312.6505
305.1689
306.1365
308.1333
304.9532
320.477
300.1851
331.8435
300.6718
308.7338
321.2353
310.1315
308.1612
308.1725
274.8684
323.4632
304.5567
319.6789
297.073
307.9543
296.3076
318.3863
307.8684
320.7923
312.68
309.0271
298.6318
323.3074
299.1242
291.5713
305.3803
293.4838
313.7455
317.7915
300.9931
301.8658
321.8753
312.2961
303.5574
313.2814
309.7218
325.3952
284.4659
311.4902
306.393
301.8942
317.821
312.6899
305.5371
311.0915
321.4288
301.5897
299.4426
296.3186
325.7846
312.6811
296.1233
317.2547
295.1947
319.4226
319.3661
308.1047
304.2742
303.5766
295.2019
311.0009
308.6473
299.3865
312.1012
317.1056
299.3176
302.2334
293.1788
321.6792
301.5586
312.2861
319.2349
309.8871
307.4822
316.3354
313.4672
288.89
307.8884
319.4602
313.2116
301.2226
300.9054
296.8043
321.8729
301.4717
303.0689
312.1501
314.1564
311.3275
307.5666
324.1553
313.3581
298.8468
332.76
306.9199
317.866
300.7563
320.2235
323.8748
305.5945
318.8039
301.1387
308.3658
315.9877
296.7298
290.414
315.4261
298.6565
310.6254
317.3243
303.8271
300.7269
296.7201
308.4858
298.6418
316.9111
295.8747
301.1816
316.5957
312.5048
294.448
300.8353
282.7692
317.4699
314.5734
315.5383
327.699
312.8092
314.9796
300.9106
305.5749
305.4226
305.3008
301.9337
310.8849
308.5523
327.6735
332.0411
303.6288
304.7631
313.5462
325.379
311.8142
307.4641
319.9753
290.7454
306.3208
311.1638
296.1211
309.3604
315.7463
324.7689
317.214
303.4421
327.1556
313.6333
313.6873
294.8097
313.0808
299.463
312.7233
304.7057
308.7229
297.2358
307.2296
315.6763
312.0879
323.0031
318.1955
292.3072
323.4335
313.4472
303.4775
314.5925
303.6351
302.8907
313.9254
325.3963
323.5759
314.2998
324.6078
315.7695
315.9988
299.2348
294.3603
317.0053
306.0345
314.9845
291.5086
314.3899
284.5049
311.9717
316.4835
310.9694
308.5746
308.3189
298.1683
317.8927
309.616
298.2024
311.457
333.2869
315.0051
306.6579
307.9112
313.2233
311.6823
316.2107
297.1057
306.7091
309.064
306.3573
297.3792
323.6302
323.2643
304.3539
299.507
306.9208
300.9891
317.8544
312.0105
306.5532
314.6776
305.561
309.0719
303.1487
296.954
304.4249
314.0018
309.3473
305.6624
309.8077
318.0504
309.92
310.2218
308.798
309.9536
303.8803
309.5175
313.4461
303.1519
297.7113
315.9533
309.4289
310.4766
299.817
311.1418
302.3914
309.2297
322.5904
311.4394
313.0483
298.1076
303.9526
298.8982
309.5908
316.5038
300.0669
298.3266
303.5013
323.5858
300.7359
313.9813
299.392
306.118
321.4535
311.6345
319.2631
309.5667
312.2463
303.6988
312.1055
306.5573
310.8305
302.0056
307.231
315.5283
311.5442
303.7882
323.5894
327.2663
311.0893
297.7672
303.7402
294.8445
306.6003
304.0918
321.3236
304.9888
312.7381
319.8761
314.5569
302.2662
306.5821
303.8985
321.865
307.2932
293.2687
295.8693
306.5068
321.0235
296.8573
310.9374
308.5181
318.8178
316.3357
302.5324
299.8191
316.6062
312.1606
315.7208
318.2816
314.8371
305.8518
304.2618
306.3114
304.1027
302.1177
310.9724
295.7076
304.0608
306.9248
320.5687
305.7118
302.536
303.5586
294.0873
298.6935
298.0451
313.9238
312.5391
323.4856
310.7849
302.8884
309.484
314.4976
321.7668
313.5009
308.036
312.0524
314.2648
296.8381
319.0703
313.5855
305.9804
320.5123
306.1118
312.5839
295.9148
288.2617
326.4221
307.7627
324.9671
309.5457
302.3778
311.6302
314.6692
303.7462
295.2691
313.7831
312.0589
307.9091
309.8258
302.3421
299.702
324.0149
309.4466
308.3222
314.9742
301.4207
309.3933
303.6881
304.683
311.3454
304.3043
310.7677
311.1034
306.6483
307.5292
311.7951
306.1448
299.0339
324.4236
318.1391
305.5387
315.8928
314.0046
316.4144
314.695
303.2076
322.3063
307.1953
309.384
319.194
309.6567
303.1451
323.4742
314.112
321.8175
290.1675
302.8434
287.4286
291.1774
303.2262
297.1808
310.1231
311.8491
315.3539
306.0745
297.1555
317.8163
311.4383
301.9966
315.3107
308.073
315.9668
293.0434
309.9889
301.5591
297.2323
298.1569
320.1383
308.4379
312.3542
315.2417
315.0125
305.0088
300.7054
317.4829
305.2759
292.5582
300.3186
300.14
310.6394
301.9525
295.7698
323.7657
310.462
304.5495
293.2337
316.0122
310.247
312.3252
327.1303
318.1479
294.1781
298.9593
305.8989
317.9721
301.8928
303.2896
301.3441
309.4395
320.6107
321.7006
302.9272
346.8934
303.6037
313.667
301.3017
319.5228
293.8725
312.1708
311.7766
324.3431
321.9306
312.5573
287.8729
282.0873
308.7559
320.4245
315.3928
320.8512
306.3326
320.5114
296.803
320.8965
317.4673
296.023
290.2825
330.405
312.5507
318.9847
313.6111
316.0901
305.3741
306.877
302.427
315.744
305.4846
307.7451
305.8826
309.8639
326.9923
325.4939
315.041
318.7762
307.7644
319.0046
305.8522
313.5276
311.0743
295.2717
317.5667
314.8228
299.2378
304.5365
310.7484
308.6913
322.3349
319.1766
285.9834
304.951
305.2107
301.816
315.7149
301.8836
299.4728
308.867
318.2475
313.0245
299.0311
293.9556
301.9505
296.9932
317.5452
320.982
303.7925
311.1332
315.94
303.5924
301.5178
306.956
300.8152
311.7948
306.1222
318.6742
287.355
320.057
323.6871
317.5079
286.8018
305.9061
293.9615
294.6553
302.2223
291.0854
304.7905
308.5412
302.8908
300.72
307.1253
317.1644
290.5856
303.6787
307.5562
311.825
308.3073
315.8004
318.2121
312.5568
309.3855
302.3647
301.4956
303.0775
314.1018
305.2243
310.3675
307.6983
301.2032
307.5524
315.4141
328.9291
312.512
321.8767
312.1898
307.765
316.4367
303.3769
320.0242
310.3648
323.5645
310.4274
303.7673
330.9491
314.4912
317.4376
305.9484
305.7289
310.538
305.7384
313.7961
311.9331
288.5576
313.9718
304.5898
290.0737
294.6077
308.7462
289.9979
305.5724
313.3644
301.0305
334.4102
297.9293
298.2142
309.5969
310.6733
309.3863
302.3858
318.2657
295.7134
327.7488
301.3568
314.7886
306.0453
308.7349
308.3468
323.6345
302.2119
308.1397
291.5055
282.5036
314.9068
300.2489
315.6837
298.5622
317.9002
322.4625
302.7378
312.6016
304.6981
332.8582
324.0984
313.7646
308.7643
299.2923
317.062
326.2003
309.4806
312.0806
310.8169
304.9689
300.3237
310.3773
307.4095
304.5243
309.0779
314.4878
311.492
301.8447
308.7062
297.2955
315.4757
313.9745
316.1605
301.5903
311.5156
309.4744
304.7884
298.6184
312.6126
321.8999
320.8493
315.9929
310.1577
290.2577
314.4466
293.388
306.768
313.4326
316.9456
302.88
309.4842
314.4617
304.9968
306.422
300.7893
324.5756
307.0587
309.3617
306.3549
303.4015
308.6578
296.8245
312.4373
294.6759
305.2727
299.6147
311.7262
319.7854
317.8565
311.0035
307.0855
311.1709
297.6226
305.2143
295.4175
330.68
311.0321
316.7463
320.5724
301.3332
302.9654
316.2432
313.316
305.9733
315.3656
321.2778
306.0066
314.1613
322.8344
297.9236
314.9545
288.016
325.0164
313.5008
299.2999
299.7488
301.2384
321.0646
305.5792
316.9582
304.8987
314.8697
313.1685
319.3739
296.7403
289.6506
291.3207
310.5834
315.3677
299.3128
312.49
309.5059
310.0777
298.9803
298.2849
334.6946
295.7931
294.4769
328.3865
304.5498
306.0116
300.0662
298.6932
322.6874
316.4549
307.6407
301.624
310.7054
317.6254
293.3536
312.8022
304.2301
289.4323
314.0192
307.245
320.6866
323.6886
317.3355
330.6816
320.1622
327.3368
305.5808
309.4213
291.4692
318.1782
312.9214
287.1518
307.2881
314.6811
330.6544
298.4004
294.9004
311.6976
295.5985
322.0722
316.8388
314.6153
323.8267
326.6101
317.2824
297.3344
311.5038
310.8974
310.7276
305.6569
300.1146
306.3709
310.0106
316.0991
311.7411
290.5826
303.1053
308.0175
311.4889
305.5284
317.6507
310.2094
308.0335
309.6916
298.2958
318.3523
307.6698
297.7766
322.4253
284.7645
314.0996
299.5386
327.2103
315.4829
295.8912
305.1664
315.8816
309.6364
303.2259
304.5772
304.4329
316.2037
317.1753
304.5816
304.5567
307.3112
326.2567
320.1322
305.8878
305.5386
308.2641
294.681
308.9199
302.8694
305.0352
322.4618
321.0233
294.8987
307.15
316.5638
324.9733
320.3212
330.312
314.1946
292.8619
293.0303
311.0414
306.2202
308.1561
317.4989
319.0026
300.1502
313.49
315.6916
300.4687
311.6982
307.7726
313.3412
315.1815
311.1203
305.3653
314.8456
317.4665
307.7513
316.352
304.6249
309.8946
302.218
306.567
324.7769
301.402
294.547
299.6978
317.9234
312.4556
302.1728
326.2365
304.8483
315.4392
291.5046
305.3312
301.3876
293.8267
322.9352
298.8103
322.6743
306.9847
303.6358
313.7259
305.053
314.8433
303.096
313.1417
306.916
303.2674
317.5658
303.3768
302.8027
311.6318
299.6493
305.2701
294.0877
312.1183
308.9924
341.4241
306.3427
299.7451
313.5368
298.9879
313.2248
290.0636
301.1057
296.6272
309.0722
307.3457
313.3578
306.3971
295.0854
325.3591
304.3398
298.8546
311.46
310.4172
318.3504
300.3076
306.3438
317.6109
320.7446
317.9723
305.7973
303.6585
296.8792
303.8372
316.3714
294.5876
331.0165
320.3636
334.9035
310.4977
291.9026
295.8356
321.1352
321.5677
309.5161
296.34
303.0287
305.5723
314.5225
319.8826
317.0839
301.459
308.3306
305.6508
302.4895
304.1397
312.4808
297.2624
291.691
307.9271
306.7562
315.0471
297.1137
298.1232
308.0256
311.4652
314.0668
314.5725
330.2765
310.9974
318.849
290.557
295.6107
292.004
314.3384
316.1321
302.1594
308.6292
303.7633
301.6518
329.0431
334.3501
290.4001
314.0822
315.8907
332.1804
289.4553
299.8124
302.442
326.2247
308.4513
312.4987
329.5571
311.9639
309.7566
314.7044
299.506
316.7161
302.8798
308.1641
315.6993
332.1592
295.388
322.8679
304.3025
306.2977
305.0019
313.4003
318.2416
296.4126
294.3747
319.1368
306.6681
300.2039
325.5435
312.7268
320.6331
303.1557
319.2192
309.4202
315.3901
307.2904
303.7483
320.9783
324.5638
297.3301
330.1944
286.734
316.0005
288.8304
309.1009
319.0496
301.647
319.2284
316.8398
318.2265
318.7921
306.156
303.7265
313.0055
298.8159
315.0929
305.7781
291.9351
308.0666
298.4379
308.0053
302.568
282.0968
297.9306
310.5731
305.9625
336.5536
296.981
313.1525
295.2515
285.6483
309.2662
328.5392
299.8211
305.9496
302.1159
305.6724
291.5481
315.7143
290.9499
300.9746
315.9997
313.0164
314.0249
316.6642
308.105
297.5272
313.7252
297.2801
305.0285
318.8404
303.5719
304.4677
296.726
326.3636
315.4755
316.456
297.5185
303.5706
321.104
323.8894
313.8212
306.5758
304.2511
313.5312
308.4932
308.7972
303.9212
302.5168
329.18
310.9024
286.6946
295.546
319.2217
331.2482
330.2459
312.4604
312.2365
320.4593
311.6255
307.3448
302.1219
297.5459
306.9073
301.9692
296.3811
320.608
310.9175
299.9698
299.6083
317.5732
302.4472
306.0236
300.3188
305.5935
307.3236
301.5445
311.6567
301.4989
306.567
305.5668
306.9832
289.2992
307.2251
321.8866
303.3518
309.8606
307.1411
327.8763
316.6203
302.0968
311.4386
301.1126
307.6227
312.7786
312.1431
286.544
315.209
312.413
300.655
310.2328
304.3136
326.349
318.306
299.8377
302.4217
310.8792
313.2185
286.8648
308.1295
295.7755
305.0726
316.4968
321.7322
312.491
305.9809
298.5436
304.3126
302.8368
299.8916
313.2049
311.4937
302.7019
319.4001
291.7724
308.452
306.9058
303.3469
320.4639
310.155
302.7053
298.4502
308.8565
321.0217
313.8057
303.8723
312.677
319.4078
305.8022
326.7364
298.924
315.121
310.1976
299.7058
309.4916
309.8397
312.4991
306.5943
318.7631
280.7106
303.3222
312.8948
310.2741
320.7672
303.04
309.2453
308.6901
313.9422
303.3035
310.1241
309.2231
321.1714
320.6137
320.0336
307.8342
307.6482
314.6688
300.5752
315.1021
306.9972
298.352
320.1501
303.7738
312.1376
308.4114
321.5319
294.2952
315.3245
311.7298
310.5214
311.8246
295.7385
306.5955
317.5562
303.4824
305.2065
305.2609
313.9057
327.5428
331.097
312.1856
302.4122
324.9176
302.0057
303.1113
315.101
304.786
294.017
333.4252
316.7911
305.7888
298.3509
300.282
291.9812
304.1942
310.4184
298.505
315.4668
290.174
299.2023
292.3753
291.9966
306.1573
296.0887
311.4508
312.6807
307.094
302.5773
308.4407
318.0178
309.3197
314.2135
312.2127
308.1157
297.7012
293.6708
316.7283
317.7206
308.2935
296.8989
291.5995
322.9906
306.9929
302.553
302.3888
315.8316
311.5055
313.6935
305.5187
308.6646
306.8207
312.5524
304.4888
280.1836
305.1497
306.5946
316.8384
316.1654
326.0366
310.796
297.3474
318.2404
320.3888
306.3361
301.4673
326.7341
324.2051
295.4475
315.3738
308.2681
302.3851
306.5785
311.7486
310.2102
312.2072
300.6353
324.8409
311.8084
310.9663
311.6675
316.5311
302.1389
304.4827
294.9169
325.2234
326.5504
306.6854
309.4354
315.6009
310.3608
311.835
298.4333
306.625
299.6913
320.2026
304.2533
300.1147
309.1627
291.426
311.9107
318.6387
314.1657
304.2514
300.6209
311.2066
309.9361
319.3273
297.5359
296.9975
321.8096
311.8579
310.8219
301.7004
311.0026
305.8986
310.2496
298.2291
324.4447
317.5981
316.8532
321.6437
310.3257
314.3434
310.2305
313.1278
314.6156
297.2862
300.9441
309.4404
309.7698
321.6135
303.9026
321.5343
327.9414
300.8038
326.7255
322.7803
323.842
297.7083
312.4562
299.0139
308.6466
305.7556
307.7639
306.6486
297.9877
303.072
299.0993
307.8523
333.6857
298.0634
313.399
319.8484
294.7901
297.6195
310.2896
315.0256
317.615
306.4335
308.7528
311.2859
293.2034
303.3508
305.071
308.2551
306.5049
321.3604
309.8467
324.6445
310.4011
300.5872
320.3639
312.7977
309.3556
314.6394
316.31
288.5978
296.1422
286.901
312.3655
311.638
316.933
311.8138
295.1054
297.0088
306.7772
304.1538
306.5895
292.3241
301.8379
303.3729
302.3688
312.9547
310.2188
306.6081
314.0803
296.128
297.8375
327.7466
299.0649
309.5118
299.4095
319.9769
306.3621
300.2137
314.1027
285.3872
330.0208
311.8768
322.1809
304.3634
299.6746
316.8615
303.2508
308.5749
314.6435
313.4752
297.3108
305.6009
301.3282
305.5908
287.0329
304.4603
311.8312
320.2613
322.0427
320.6489
298.8483
315.6385
286.3707
299.6449
315.9446
308.7856
291.0977
319.3667
293.2248
326.2086
324.0625
306.0301
329.4647
323.8475
300.1137
296.3609
316.3665
303.4918
330.3406
319.4697
293.1239
309.9319
315.6866
294.1285
316.6767
283.2801
297.1826
303.8702
322.0058
319.2763
294.6266
323.1958
296.8439
312.0102
314.9675
309.4501
319.6783
324.538
303.9137
320.5333
319.5915
302.4189
311.688
319.6908
300.3752
305.4263
323.6128
312.4567
314.8718
292.9345
320.0084
313.1275
305.7784
313.8793
307.4093
314.5694
309.0999
308.7464
307.7748
313.6783
316.7692
304.8687
310.0237
306.7686
315.8837
310.5235
302.6429
322.217
301.5169
314.3181
298.1601
307.8395
331.6537
315.1671
306.797
313.1463
332.687
294.148
301.937
309.8079
313.6107
304.6428
320.0015
313.6339
298.2349
334.5096
310.2014
306.9271
289.4306
317.2949
312.96
303.9636
300.5176
309.7494
314.5642
314.0157
296.5312
301.6378
308.2284
296.9985
294.9827
311.5614
315.3266
317.3877
319.4077
304.0988
303.1867
299.9021
312.6772
305.3193
304.2284
301.8155
315.4938
308.933
303.3179
324.2182
289.6935
312.3283
310.2586
304.6593
300.9748
309.0303
299.7774
305.0003
313.6653
315.2946
305.437
299.331
321.7898
299.2327
311.0737
302.9478
326.4626
309.4387
315.6982
311.3671
302.1019
319.8628
306.6081
286.0024
317.9778
301.6981
346.5772
304.5368
297.1497
320.0268
317.5606
294.4528
309.2112
307.3032
310.0005
312.2114
310.303
311.9383
322.6694
300.9273
322.067
310.2037
296.646
303.6226
330.2242
309.9692
311.3393
321.7578
294.2914
313.9429
297.644
311.8016
297.8849
313.0816
321.3924
311.8772
319.9464
290.2909
316.1649
302.6585
315.7192
298.4999
314.6737
299.8945
321.4027
328.1873
306.2584
307.0703
311.6316
285.0374
301.0046
301.8958
283.7954
310.757
315.0072
319.6749
310.8381
299.2369
327.0839
312.5684
303.3649
308.9245
317.8586
315.2379
297.8786
317.9402
315.0436
297.4117
318.2394
315.0656
314.2215
309.09
299.0466
318.0373
321.2538
317.2147
305.3504
318.1385
322.5284
312.1828
308.8104
306.9939
304.0198
302.5423
298.934
325.5326
302.5567
300.9668
286.4937
307.8494
304.97
314.4383
312.3239
310.415
334.2063
